# callgrind format
version: 1
creator: callgrind-3.19.0
pid: 12786
cmd:  ./psx
part: 1


desc: I1 cache: 
desc: D1 cache: 
desc: LL cache: 

desc: Timerange: Basic block 0 - 507958
desc: Trigger: Program termination

positions: line
events: Ir
summary: 3065865


ob=(1) /usr/lib/x86_64-linux-gnu/ld-linux-x86-64.so.2
fl=(31) ./elf/./elf/dl-load.c
fn=(110) _dl_init_paths
706 10
+14 1
-14 2
+14 2
cfi=(38) ./elf/./elf/dl-hwcaps.c
cfn=(112) _dl_important_hwcaps
calls=1 175 
* 1791
fi=(29) ./elf/../include/rtld-malloc.h
56 1
fe=(31)
720 1
fi=(29)
56 1
cfi=(28) ./elf/./elf/dl-minimal-malloc.c
cfn=(82) __minimal_malloc
calls=1 -21 
* 24
fe=(31)
725 1
+2 3
+8 2
-1 3
+5 3
fi=(29)
56 1
cfi=(28)
cfn=(82)
calls=1 -21 
* 24
fe=(31)
739 1
+2 4
+17 1
-10 1
+8 1
-9 1
+9 2
+11 1
-9 1
+3 2
+9 1
-2 1
+2 2
-7 1
-4 1
+3 1
+6 1
+2 1
-3 2
+1 16
cfi=(44) ./string/../sysdeps/x86_64/multiarch/../multiarch/memset-vec-unaligned-erms.S
cfn=(138) memset
calls=4 141 
* 68
+2 15
-14 3
+10 3
+4 9
-12 3
-2 3
+2 3
+4 3
-3 3
+3 3
+1 3
-2 3
+5 6
-3 3
+4 6
+15 1
+3 1
-15 1
+7 1
-1 1
+9 2
+2 4
+2 3
+36 5
+2 3
cfi=(23) ./string/../sysdeps/x86_64/multiarch/../multiarch/strlen-sse2.S
cfn=(66) strlen
calls=1 101 
* 16
* 8
cfi=(30) ./string/../sysdeps/x86_64/multiarch/memmove-vec-unaligned-erms.S
cfn=(86) memcpy
calls=1 219 
* 10
* 1
+5 4
-1 2
+2 1
+1 2
-2 4
+1 13
+1 26
-2 52
+5 1
fi=(29)
56 1
cfi=(28)
cfn=(82)
calls=1 -21 
* 24
fe=(31)
836 1
fi=(29)
56 1
fe=(31)
838 2
+6 6
cfn=(140) fillin_rpath.isra.0
calls=1 468 
* 638
+3 3
+6 1
+4 8
-49 1
-2 1
+2 2
+14 2

fn=(182) _dl_map_object
1971 120
+8 24
+1 48
+3 234
+5 343
+2 147
cfi=(54) ./elf/./elf/dl-misc.c
cfn=(184) _dl_name_match_p
calls=49 68 
* 5583
* 98
+4 84
+1 126
+4 22
-1 110
+1 22
+1 22
-1 22
+1 44
cfi=(33) ./string/../sysdeps/x86_64/multiarch/../multiarch/strcmp-sse2.S
cfn=(98) strcmp
calls=22 131 
* 915
* 44
2274 108
2015 5
-1 10
+1 10
-1 10
-41 5
+50 15
+17 10
-2 5
+2 5
cfi=(42) ./string/../sysdeps/x86_64/multiarch/../multiarch/strchr-sse2.S
cfn=(124) index
calls=5 33 
* 115
* 10
2206 2
-1 3
cfn=(144) expand_dynamic_string_token
calls=1 385 
* 175
+2 1
-3 1
+1 1
+2 2
+4 8
cfn=(186) open_verify.constprop.0
calls=1 1578 
* 101
* 1
+3 2
+12 20
+45 5
+1 10
-1 5
+1 55
cfn=(192) _dl_map_object_from_fd
calls=5 944 
* 9680
* 15
2044 8
cfi=(23)
cfn=(66)
calls=4 101 
* 64
* 8
+2 8
+7 16
+51 56
cfn=(224) open_path
calls=4 1819 
* 2137
+6 4
-6 4
+6 16
+1 24
cfn=(222) cache_rpath
calls=4 681 
* 44
* 8
+8 4
+14 8
+2 12
+4 8
cfi=(68) ./elf/./elf/dl-cache.c
cfn=(228) _dl_load_cache_lookup
calls=4 413 
* 5692
* 4
+2 8
+4 8
+8 12
+23 32
cfn=(186)
calls=4 1578 
* 429
* 4
+4 8
+1 4
+17 8
2078 16
+1 36
cfn=(222)
calls=4 681 
* 36
* 16
+9 8
+15 8
+1 8
-47 4
+1 4
+7 36
-3 15
+1 30
cfn=(222)
calls=5 681 
* 53
* 10
+9 16
+5 8
+1 8

fn=(224)
1819 32
+1 4
-1 12
+1 4
+6 8
+5 4
-7 4
+7 4
+70 4
-70 4
+70 4
-70 4
+38 4
-38 4
+38 4
-38 4
+38 4
-46 4
+8 8
+3 8
+9 24
+7 8
-12 4
+13 4
-1 8
cfi=(30)
cfn=(134) mempcpy
calls=4 206 
* 48
* 4
+1 26
+3 72
+5 84
cfi=(30)
cfn=(134)
calls=12 206 
* 150
* 48
cfi=(30)
cfn=(134)
calls=12 206 
* 144
+3 36
+6 36
+3 84
cfn=(186)
calls=12 1578 
* 624
* 12
+2 36
+2 18
+89 36
1851 81
+89 20
+7 8
-2 4
+2 8
+3 16
1829 8
+70 12
+2 6
-21 18
+1 72
+6 18
+2 9
-2 18
+2 9
cfi=(67) ./io/../sysdeps/unix/sysv/linux/stat64.c
cfn=(226) stat
calls=9 28 
* 124
* 9
+3 9
-3 26
-38 16
+39 1
+2 1
-2 1
+2 7
-41 2

fn=(94) _dl_process_pt_gnu_property
876 3
-8 3
+8 3
-6 3
+12 6
-13 3
+13 3
-13 3
+13 6
+3 9
+1 6
+1 6
+43 3

fn=(192)
944 55
+10 5
-10 15
+10 5
cfi=(46) ./elf/./elf/dl-debug.c
cfn=(194) _dl_debug_update
calls=5 41 
* 30
* 5
+7 20
+85 20
+10 10
+7 35
cfi=(27) ./elf/./elf/dl-object.c
cfn=(76) _dl_new_object
calls=5 59 
* 1707
* 5
+1 10
+11 5
+5 5
-4 5
-1 5
+2 5
+2 5
-2 5
+2 10
+1 15
+1 8
+19 4
-2 4
+2 40
+10 4
-10 4
+10 12
-10 1
-2 1
+2 10
+10 1
-10 1
+10 3
+27 5
-33 5
-3 5
+2 5
-1 5
+35 5
+9 5
-50 5
+41 5
+9 5
-36 5
+63 25
-62 126
+20 2
+1 1
-22 144
+1 268
1223 10
1110 5
1223 10
1110 15
1228 35
+10 15
+1 5
-1 5
+1 5
-1 15
+1 15
-1 15
+1 15
-1 45
1076 10
1245 10
+10 20
+7 20
fi=(61) ./elf/./dl-map-segments.h
28 5
fe=(31)
1262 15
fi=(61)
28 10
+1 40
cfi=(60) ./misc/../sysdeps/unix/sysv/linux/mmap64.c
cfn=(202) mmap
calls=5 +18 
* 40
+73 10
-1 5
-72 5
+73 5
+3 10
+1 5
+2 5
-3 5
+1 5
+2 5
+17 5
-96 5
+98 5
fi=(62) ./elf/./dl-load.h
-36 40
+1 15
+2 40
fi=(61)
+55 80
+6 5
+2 5
-2 5
+1 5
+2 10
-1 20
+8 10
+3 10
+8 35
cfi=(44)
cfn=(138)
calls=5 -35 
* 709
* 10
+6 10
+12 20
-59 120
+2 30
+3 15
-3 30
+2 120
cfi=(60)
cfn=(202)
calls=15 -92 
* 120
* 45
fe=(31)
1111 56
+26 140
+8 40
+1 20
-1 20
+1 80
+1 20
-1 20
+1 20
+2 20
-2 20
+2 20
+2 20
-4 20
+1 40
-1 20
+4 100
+2 40
+13 40
+1 75
+5 15
+1 135
-28 15
+38 15
-11 5
+1 45
-28 5
+38 5
-66 10
+7 5
+2 5
-2 5
+1 5
+1 5
-1 10
+1 40
+60 6
+5 2
-1 4
+5 2
-5 4
-66 2
+71 8
+1 2
+3 2
-3 2
+8 8
+15 10
+1 5
fi=(57) ./elf/../sysdeps/posix/dl-fileid.h
37 15
cfi=(58) ./io/../sysdeps/unix/sysv/linux/fstat64.c
cfn=(198) fstat
calls=5 -8 
* 65
* 10
fe=(31)
999 10
fi=(57)
40 15
fe=(31)
999 5
fi=(57)
40 5
fe=(31)
999 80
+1 40
fi=(57)
49 60
fe=(31)
1525 45
1084 1
+1 2
-1 4
+1 1
-1 1
+1 1
cfi=(71) ./io/../sysdeps/unix/sysv/linux/pread64_nocancel.c
cfn=(244) __pread64_nocancel
calls=1 25 
* 6
* 2
1278 20
+1 15
fi=(63) ./elf/./elf/get-dynamic-info.h
39 10
+6 5
-2 5
+2 10
+9 5
+5 5
-1 5
-3 82
+13 24
-23 96
+23 105
-23 420
+4 258
+5 116
+2 25
fi=(62)
+39 16
+2 4
-1 8
+1 4
-1 4
+1 4
-1 4
+1 4
-1 8
+3 16
fe=(31)
1018 10
fi=(63)
59 20
+13 20
+12 17
+1 20
+1 20
+1 20
+1 17
+1 19
+1 19
+1 20
+12 5
+7 5
-7 35
+7 11
+5 8
+7 8
+1 15
+6 15
+1 6
+17 15
+5 4
+2 4
+2 4
+2 4
+4 15
+2 3
+1 2
+9 2
+6 2
+4 10
fe=(31)
1285 10
+1 10
+2 10
+10 15
+19 10
+2 30
+52 15
+1 4
+6 40
+1 92
+6 8
cfn=(94)
calls=2 876 
* 38
-7 106
+1 53
+6 53
-6 106
fi=(32) ./elf/../sysdeps/x86/dl-prop.h
212 14
+1 7
95 28
+10 4
212 2
105 4
-3 2
-1 2
+2 2
+2 4
-5 4
+93 8
-1 2
-87 6
+3 6
+1 4
+1 4
+4 6
+4 6
+3 6
+1 4
+4 2
+1 8
+4 4
+1 2
+3 4
+3 2
+1 8
+5 8
+7 4
+16 2
-3 4
+3 6
fe=(31)
1390 10
cfi=(64) ./io/../sysdeps/unix/sysv/linux/close_nocancel.c
cfn=(212) __GI___close_nocancel
calls=5 26 
* 25
* 10
+13 10
+2 20
+2 10
+16 10
cfi=(8) ./elf/./elf/dl-setup_hash.c
cfn=(14) _dl_setup_hash
calls=5 28 
* 130
+4 10
+1 10
+17 10
+1 1
+3 1
+5 1
-5 1
+5 1
-5 4
+5 4
-5 4
+5 4
+10 10
+7 40
+10 10
+1 8
+5 4
cfi=(47) ./elf/../elf/dl-tls.c
cfn=(242) _dl_assign_tls_modid
calls=2 156 
* 18
+7 15
cfi=(27)
cfn=(90) _dl_add_to_namespace_list
calls=5 31 
* 255
+3 20
+23 35
+1 15
cfi=(49) ./elf/./elf/dl-audit.c
cfn=(214) _dl_audit_objopen
calls=5 78 
* 20
* 5
-5 10
fi=(32)
198 16
+2 2
+1 2
+1 2
-2 2
+3 2
-3 4
+3 2
fi=(63)
62 20
+2 20
fi=(61)
186 16
cfi=(60)
cfn=(202)
calls=2 47 
* 16
+3 4
fe=(31)
1472 12
+2 3
-1 15
+1 3
-1 3
+1 3
-1 3
cfi=(33)
cfn=(98)
calls=3 131 
* 97
* 6
+2 5
1285 8

fn=(222)
681 26
+1 39
+4 2
-1 4
+14 26
-11 8
+3 2
-8 26

fn=(186)
1578 170
+32 17
-32 34
+32 34
+19 68
cfi=(55) ./io/../sysdeps/unix/sysv/linux/open64_nocancel.c
cfn=(188) __open_nocancel
calls=17 31 
* 308
* 17
+2 34
+8 5
+6 15
-5 5
+5 25
cfi=(56) ./io/../sysdeps/unix/sysv/linux/read_nocancel.c
cfn=(190) __read_nocancel
calls=5 26 
* 25
+2 10
+2 10
+2 10
+6 10
+17 65
+81 10
+5 10
+6 20
+6 10
+6 5
+1 5
-1 15
+1 15
+26 153
-22 1
+1 2
-1 4
+1 1
cfi=(71)
cfn=(244)
calls=1 25 
* 6
* 2
1674 9
-59 24

fn=(144)
385 6
+10 2
-10 8
+10 2
cfn=(146) _dl_dst_count
calls=2 238 
* 104
+3 4
+12 2
-11 2
+11 8
-11 2
cfi=(45) ./string/./string/strdup.c
cfn=(148) strdup
calls=2 40 
* 160

fn=(146)
238 13
+3 13
-3 39
+7 13
-7 13
+3 13
cfi=(42)
cfn=(124)
calls=13 33 
* 395
+3 26
+20 91

fn=(140)
468 7
+4 1
-4 9
+6 3
cfi=(7) ./elf/./elf/dl-minimal.c
cfn=(142) strsep
calls=1 242 
* 282
* 3
cfi=(7)
cfn=(142)
calls=1 242 
* 8
* 6
+7 2
+2 3
cfn=(144)
calls=1 -98 
* 125
* 1
+4 2
+5 2
cfi=(23)
cfn=(66)
calls=1 101 
* 16
* 1
+1 2
+7 5
+9 15
+1 8
fi=(29)
50 2
cfi=(28)
cfn=(152) __minimal_free
calls=1 +47 
* 4
+1 1
fe=(31)
528 4
+4 4
fi=(29)
56 1
cfi=(28)
cfn=(82)
calls=1 -21 
* 24
* 1
fe=(31)
534 2
+5 1
+1 2
-1 1
-1 1
+2 1
cfi=(30)
cfn=(134)
calls=1 206 
* 12
+3 1
-3 1
+1 1
+2 1
+6 1
+1 1
-1 3
+1 4
+1 1
-1 3
+1 8
-1 24
+3 1
+1 1
-1 1
+1 2
+1 1
+6 2
+1 1
+3 3
-60 4
+66 1
+3 10

fl=(38)
fn=(132) copy_hwcaps
77 6
+6 2
-6 2
+6 2
-6 4
fi=(40) ./elf/./dl-hwcaps.h
-23 2
+2 4
+32 2
+1 2
+1 2
fe=(38)
-8 2
+1 2
-1 1
+1 4
cfi=(30)
cfn=(134)
calls=1 206 
* 12
+4 1
+2 1
+2 1
-3 1
+1 2
+1 2
+1 1
-11 2
cfi=(41) ./elf/./elf/dl-hwcaps_split.c
cfn=(120) _dl_hwcaps_split_masked
calls=1 -29 
* 28
* 4
cfi=(41)
cfn=(120)
calls=2 -29 
* 251
* 6
+13 12

fn=(112)
175 4
+1 1
-1 6
+1 1
-1 1
+1 1
-1 1
+1 1
-1 1
+1 1
cfi=(11) ./elf/./elf/dl-tunables.c
cfn=(28) __tunable_get_val
calls=1 408 
* 20
* 1
+3 1
-1 1
+1 1
-1 1
+1 1
+9 2
-9 1
+8 1
cfi=(19) ./elf/../sysdeps/x86/get-isa-level.h
cfn=(114) _dl_hwcaps_subdirs_active
calls=1 31 
* 30
fi=(40)
54 1
fe=(38)
188 2
-1 1
fi=(40)
56 1
+32 1
+1 1
+1 1
fe=(38)
-35 2
cfi=(41)
cfn=(120)
calls=1 -4 
* 20
* 2
fi=(40)
-1 1
+2 1
-2 1
+34 2
+1 2
+1 1
fe=(38)
-32 1
-1 1
+1 1
+1 1
-1 1
-3 2
cfi=(41)
cfn=(120)
calls=1 -4 
* 28
* 2
cfi=(41)
cfn=(120)
calls=1 -4 
* 231
* 4
+48 3
fi=(29)
-47 1
cfi=(28)
cfn=(82)
calls=1 -21 
* 24
fe=(38)
+49 2
-2 1
+2 1
fi=(40)
-51 1
fe=(38)
+57 2
-3 1
fi=(40)
-54 1
+2 4
+1 1
fe=(38)
+58 2
cfi=(41)
cfn=(122) _dl_hwcaps_split
calls=1 -90 
* 11
* 1
+2 1
-2 1
fi=(40)
-61 3
+2 1
-2 1
+34 2
+1 5
+1 1
fe=(38)
+40 5
+1 2
+1 1
+1 1
-1 1
-4 2
cfi=(41)
cfn=(120)
calls=1 -77 
* 28
* 2
cfi=(41)
cfn=(120)
calls=1 -77 
* 231
* 4
+8 5
+9 3
+53 2
+1 4
+4 5
+1 1
-1 1
+1 2
+1 2
-2 5
+1 1
-1 1
+1 2
+1 2
-2 5
+5 1
+27 1
-5 1
+5 1
-7 1
+7 2
-7 5
+7 2
-5 1
+1 4
fi=(43) ./elf/../sysdeps/x86/dl-hwcap.h
57 6
fe=(38)
236 3
-3 1
+1 1
cfi=(23)
cfn=(66)
calls=1 101 
* 16
+1 1
-1 1
+1 2
-5 6
+8 3
+2 1
+2 3
-2 1
+1 2
+4 5
+1 1
+3 3
+5 2
-1 2
+4 2
+1 2
+16 2
+7 2
-7 2
+7 1
-7 5
+7 2
fi=(29)
56 1
cfi=(28)
cfn=(82)
calls=1 -21 
* 24
* 1
fe=(38)
282 2
+7 1
+1 1
+1 4
-1 5
+1 1
cfn=(132)
calls=1 77 
* 44
+1 5
cfn=(132)
calls=1 77 
* 317
+11 1
-8 1
+1 1
+7 2
+2 1
-2 1
+34 1
-10 1
+10 4
-7 2
+7 2
+10 4
-1 1
+1 2
-1 2
+1 1
-90 2
+86 1
+4 3
-4 4
-3 1
+3 1
cfi=(30)
cfn=(134)
calls=1 206 
* 17
* 2
-3 1
+3 1
cfi=(30)
cfn=(134)
calls=1 206 
* 17
* 2
+3 2
-3 6
+3 5
+1 12
+1 2
-2 1
+2 1
cfi=(30)
cfn=(134)
calls=1 206 
* 14
* 2
-2 2
+5 6
cfi=(30)
cfn=(134)
calls=2 206 
* 28
* 4
+2 16
+6 1
-1 3
+1 7
-1 22
+5 7
+3 2
-3 2
+3 2
-3 4
+3 4
-3 4
+3 4
+1 36
+1 12
-1 12
+1 24
-2 12
+1 24
-1 42
260 1
+1 1
-1 2
+2 1
-1 1
+1 3
-1 2
+2 2
+7 4
370 9
+3 1
+2 2
-1 1
+1 1
-2 2
+2 2
-1 1
-1 2
+5 2
+3 2
-6 2
+2 6
+3 1
+1 2
-6 2
+6 3
+7 7
+1 1
-1 2
+3 2
-3 3
+1 3
-1 6
+3 6
+3 3
-21 1
-59 2
+86 9
254 2

fl=(47)
fn=(270) _dl_allocate_tls_storage
448 4
+2 1
+11 1
88 1
465 1
fi=(29)
56 1
cfi=(28)
cfn=(82)
calls=1 -21 
* 52
fe=(47)
466 2
+11 5
+5 1
-5 1
+1 1
+4 304
+19 1
+2 2
cfn=(272) allocate_dtv
calls=1 391 
* 53
+1 2
94 1
509 5

fn=(266) _dl_tls_static_surplus_init
122 1
+4 1
-4 2
+4 1
-4 2
+4 3
cfi=(11)
cfn=(28)
calls=1 408 
* 20
* 1
+1 4
cfi=(11)
cfn=(28)
calls=1 408 
* 20
+6 1
+2 1
-8 1
+6 2
+2 3
+3 1
+2 1
-32 3
+34 3
+1 5

fn=(156) _dl_count_modids
225 2
+1 1
+15 2

fn=(242)
156 2
+3 2
+13 2
-13 2
+53 2
+2 2
+3 2
+1 4

fn=(268) _dl_determine_tlsoffset
247 7
+6 3
+3 2
+36 3
+2 1
-2 1
-2 1
-40 1
-1 1
-1 1
+46 2
+23 6
+3 2
-3 10
+2 4
-2 2
-25 2
+20 2
-20 10
+2 4
+3 2
-1 2
+5 4
-5 2
+1 2
-1 2
+3 4
+2 6
+32 2
-1 1
+53 1
-52 5
+2 2
+51 8

fn=(408) _dl_add_to_slotinfo
1105 14
+6 2
+3 2
+1 2
+4 6
+36 4
+3 6
+1 6
+3 12

fn=(476) _dl_allocate_tls_init
564 9
+1 2
+4 1
+6 1
-6 1
+6 1
cfi=(25) ./elf/../sysdeps/nptl/dl-tls_init_tp.c
cfn=(92) rtld_mutex_dummy
calls=1 44 
* 2
+3 3
+12 1
-18 1
+42 3
-19 12
+9 6
+1 4
+6 6
+3 2
-2 2
+2 2
-2 2
+2 8
+4 2
-4 2
+4 2
-1 4
+4 4
+1 8
+2 4
+1 4
+17 2
-8 2
+8 2
+2 6
cfi=(30)
cfn=(134)
calls=2 206 
* 24
* 10
cfi=(44)
cfn=(138)
calls=2 141 
* 36
+6 2
-55 8
+6 7
+55 2
cfi=(25)
cfn=(92)
calls=1 44 
* 2
+3 2
+3 9

fn=(272)
391 1
fi=(29)
44 1
fe=(47)
391 3
+5 1
+4 1
+1 1
fi=(29)
44 1
cfi=(28)
cfn=(78) __minimal_calloc
calls=1 +38 
* 34
fe=(47)
402 2
+3 1
+6 3
+6 4

fn=(274) _dl_tls_initial_modid_limit_setup
1088 1
+2 4
+6 4
-6 6
+2 9
+1 6
+6 1
+1 1

fl=(8)
fn=(14)
28 7
-3 7
+3 14
+3 21
+1 14
+2 7
-1 7
+3 21
+1 7
+1 14
+7 7
-5 7
-2 7
+3 14
+2 7
+2 14
+5 7

fl=(45)
fn=(148)
40 24
+1 6
cfi=(23)
cfn=(66)
calls=6 +60 
* 186
* 6
fi=(210) ./string/../include/rtld-malloc.h
+15 12
cfi=(28)
cfn=(82)
calls=6 -21 
* 144
fe=(45)
-12 12
+4 6
-1 18
+1 12
-1 6
cfi=(30)
cfn=(86)
calls=6 219 
* 84

fl=(130) ./elf/./elf/dl-find_object.c
fn=(478) _dl_find_object_init
561 3
+3 1
+2 2
+13 1
cfn=(482) _dlfo_process_initial
calls=1 474 
* 126
+1 1
-1 1
+1 1
fi=(29)
56 1
cfi=(28)
cfn=(82)
calls=1 -21 
* 24
fe=(130)
580 1
fi=(29)
56 1
fe=(130)
582 2
+3 2
+5 1
+1 1
cfn=(482)
calls=1 474 
* 478
+3 3
+10 4
-37 2
cfi=(131) ./elf/./dl-find_object.h
cfn=(480) _dl_find_object_from_map
calls=1 95 
* 68
* 1
+29 2
cfn=(484) _dlfo_sort_mappings
calls=1 -59 
* 247
+3 6
+2 1

fn=(482)
474 2
+3 2
-3 2
+1 2
+3 4
+26 14
+1 6
+1 14
-1 28
+3 52
+3 48
-7 8
+25 2
+2 8
-18 36
+3 12
-1 12
cfi=(131)
cfn=(480)
calls=6 95 
* 328
+2 24

fn=(484)
537 2
+3 4
+4 1
+1 1
-1 1
+1 2
-1 4
+1 4
-1 4
+1 18
+1 85
-1 45
+8 15
+1 10
-1 5
-13 10
+14 15
+1 10
-15 10
+17 1

fl=(136) ./elf/./elf/dl-call-libc-early-init.c
fn=(502) _dl_call_libc_early_init
29 2
-2 1
+6 3
-6 1
+6 3
-6 1
+6 1
cfi=(135) ./elf/./elf/dl-lookup-direct.c
cfn=(496) _dl_lookup_direct
calls=1 +41 
* 230
+4 2
+2 4
+2 1
-1 1
+1 2
-1 1
cob=(3) /usr/lib/x86_64-linux-gnu/libc.so.6
cfi=(137) ./elf/./elf/libc_early_init.c
cfn=(504) __libc_early_init
calls=1 -7 
* 1197

fl=(67)
fn=(226)
28 9
+1 36
cfi=(59) ./io/../sysdeps/unix/sysv/linux/fstatat64.c
cfn=(200) fstatat
calls=9 154 
* 79

fl=(19)
fn=(114)
31 1
fi=(39) ./elf/../sysdeps/x86_64/dl-hwcaps-subdirs.c
+7 1
fe=(19)
-7 2
-1 2
fi=(39)
+22 1
fe=(19)
-20 3
+4 1
fi=(39)
+2 1
fe=(19)
-2 2
+3 4
+1 4
+5 1
fi=(39)
-7 1
fe=(19)
+7 3
fi=(39)
-2 1
fe=(19)
+5 2

fl=(24) ./elf/../misc/sbrk.c
fn=(68) sbrk
37 4
+3 1
+18 2
+4 2
+16 5

fl=(14) ./elf/../sysdeps/unix/sysv/linux/brk_call.h
fn=(30) brk
24 2
fi=(15) ./elf/../sysdeps/unix/sysv/linux/brk.c
+13 1
+1 2
+6 1
+1 1
fe=(14)

fl=(134) ./elf/../sysdeps/nptl/dl-mutex.c
fn=(494) __rtld_mutex_init
30 1
+10 3
-10 1
+10 1
-10 1
+7 1
+3 3
cfi=(135)
cfn=(496)
calls=1 +34 
* 200
+4 2
+1 8
+2 3
-2 1
+2 3
cfi=(135)
cfn=(496)
calls=1 +27 
* 215
+4 2
+1 6
+1 2
-1 1
+1 2

fl=(42)
fn=(124)
33 27
+1 27
+1 27
+1 27
+1 27
+1 27
+1 27
+1 27
+1 27
+1 27
+1 27
+1 27
+1 27
+1 27
+1 27
+1 27
+1 27
+1 23
+4 23
+1 23
+1 23
+1 23
+2 23
+4 4
+1 4
+1 4
+1 4
+1 4
+1 4
+1 4
+1 4
+1 4
+1 4
+1 4
+1 4
+1 4
+1 4
+1 4
+1 4
+1 4
+1 4
+1 4
+1 4
+1 4
+1 4
+1 4
+1 4
+52 4
+4 4
+1 4
+1 4
+1 4
+2 4

fl=(16) ./elf/../sysdeps/x86/dl-get-cpu-features.c
fn=(36) _dl_x86_init_cpu_features
39 3
+2 1
cfi=(17) ./elf/../sysdeps/x86/cpu-features.c
cfn=(38) init_cpu_features.constprop.0
calls=1 399 
* 10454

fn=(500) __x86_cpu_features
39 3
+32 2

fl=(56)
fn=(190)
26 20
+1 5

fl=(131)
fn=(480)
95 14
+1 14
+1 7
+6 35
+1 176
+1 122
+2 21
+5 7

fl=(28)
fn=(78)
82 17
-4 68
+7 17
+1 51
fi=(29)
-30 17
cfi=(28)
cfn=(82)
calls=17 -21 
* 468
fe=(28)

fn=(152)
97 12

fn=(82)
35 168
+1 126
+11 123
+3 41
-3 41
+3 82
-3 2
+3 1
-3 1
+3 158
+18 42
+1 42
+2 168
-16 12
+1 6
+2 3
+1 21
cfi=(60)
cfn=(202)
calls=3 -12 
* 24
* 3
+2 6
+2 6
+2 2
+4 2
-4 4
-23 1
-1 1
+1 1
+1 2
-2 2
+27 1
-3 2
+4 2

fl=(30)
fn=(134)
206 42
+1 42
+1 42
+17 42
+1 42
+2 8
+1 8
+1 8
+2 5
+1 5
+1 5
+2 5
+80 34
+1 34
+2 13
+4 13
+1 7
+1 7
+1 2
+1 2
+1 2
+1 2
+2 2
+2 7
+6 6
+1 6
+1 6
+1 6
+1 6
+29 21
+1 21
+1 21
+1 21
+1 21
+7 3
+1 3
+1 3
+1 3
+1 3
+1 3
+1 3
+11 3
+1 3
+2 3
+1 3
+1 3

fn=(86)
219 31
+6 31
+1 31
+2 22
+1 22
+1 22
+2 10
+1 10
+1 10
+2 10
+80 9
+1 9
+2 1
+4 1
+1 1
+1 1
+1 1
+1 1
+4 1
+2 1
+39 8
+1 8
+1 8
+1 8
+1 8
+7 11
+1 11
+1 11
+1 11
+1 11
+1 11
+1 11
+11 12
+1 12
+2 11
+1 11
+1 11
+20 1
+1 1
+4 1
+2 1
+16 1
+3 1
+2 1
+2 1
+4 1
+1 1
+9 1
+1 1
+2 1
+2 1
+1 1
+1 1
+3 1
+2 1
+2 1
+2 1
+6 1
+1 1
+1 1
+1 1
+1 1
+1 1
+1 1
+1 1
+1 1
+1 1
+1 1
+1 1
-11 2
+1 2
+1 2
+1 2
+1 2
+1 2
+1 2
+1 2
+1 2
+1 2
+1 2
+1 2
+2 1
+1 1
+1 1
+1 1
+2 1
+4 1

fl=(72) ./malloc/./malloc/scratch_buffer_set_array_size.c
fn=(246) __libc_scratch_buffer_set_array_size
30 45
+4 5
+1 10
+10 10
+18 5
-17 5
+17 15

fl=(135)
fn=(498) check_match
31 21
+1 3
-1 6
+1 9
+1 9
+2 6
+1 6
+12 9
+3 6
+2 9
cfi=(33)
cfn=(98)
calls=3 +78 
* 202
* 6
+4 6
+1 18
+1 9
cfi=(33)
cfn=(98)
calls=3 +72 
* 118
+5 6
-24 6
+24 6
-24 3
+24 9

fn=(496)
74 27
+4 3
-4 3
+1 3
-1 3
+2 6
+2 9
+37 3
-37 9
+1 6
+2 9
+3 25
+2 3
+1 9
-1 3
+1 3
-1 3
+1 3
cfn=(498)
calls=3 -56 
* 473
* 3
+3 6
+3 6
+23 27

fl=(142) ./elf/../sysdeps/x86_64/dl-trampoline.h
fn=(520) _dl_runtime_resolve_fxsave
76 86
+3 86
+2 86
+3 86
+13 86
+1 86
+1 86
+1 86
+1 86
+1 86
+1 86
+2 86
+23 86
+1 86
+1 86
cfi=(143) ./elf/./elf/dl-runtime.c
cfn=(522) _dl_fixup
calls=86 -84 
* 70314
+1 86
+3 86
+6 86
+1 86
+1 86
+1 86
+1 86
+1 86
+1 86
+2 86
+2 86
+4 86
+2 86

fl=(76) ./elf/./elf/dl-reloc.c
fn=(280) _dl_relocate_object
207 70
+14 7
-14 7
+16 7
-16 7
+16 7
+3 7
-1 7
+1 14
+19 14
+6 28
-34 14
+38 14
+7 28
fi=(5) ./elf/../sysdeps/x86_64/dl-machine.h
72 26
+6 20
+4 15
+6 5
+10 10
+20 10
+8 15
fi=(4) ./elf/../sysdeps/generic/ldsodefs.h
-45 5
fe=(76)
301 10
fi=(4)
81 10
fe=(76)
301 10
fi=(4)
81 2
fe=(76)
301 4
fi=(4)
81 4
fe=(76)
301 11236
fi=(4)
81 2
fe=(76)
301 2
fi=(4)
81 4
fe=(76)
301 321
186 20
+32 5
-32 5
+32 10
fi=(6) ./elf/./elf/do-rel.h
49 5
fe=(76)
301 5
fi=(6)
50 5
-1 10
+4 5
-3 5
+3 5
-3 5
+3 20
+27 15
fe=(76)
301 2
186 8
+32 2
-32 2
+32 4
fi=(6)
49 2
fe=(76)
301 2
fi=(6)
50 2
-1 4
+4 2
-3 2
+3 2
-3 2
+3 8
+27 6
-31 7
fe=(76)
301 7
fi=(6)
50 7
-1 14
+4 7
-3 7
+3 7
-3 7
+3 28
+27 21
-7 5
-1 5
+11 35
fi=(5)
498 2256
+4 2256
+3 3384
+1 1128
fi=(6)
83 3384
+2 4752
+2 180
-4 180
+13 25
+1 12
+1 120
fi=(5)
498 60
+35 60
-1 120
-34 60
+35 120
+1 60
cob=(4) /usr/lib/x86_64-linux-gnu/libm.so.6
cfi=(123) ./math/../sysdeps/x86_64/fpu/multiarch/ifunc-fma4.h
cfn=(470) sincos
calls=1 31 
* 8
cob=(4)
cfi=(118) ./math/../sysdeps/x86_64/fpu/multiarch/ifunc-avx-fma4.h
cfn=(468) sin
calls=1 32 
* 12
cob=(4)
cfi=(118)
cfn=(466) __atan2_finite@GLIBC_2.15
calls=1 32 
* 12
cob=(4)
cfi=(116) ./math/../sysdeps/x86_64/fpu/multiarch/ifunc-fma.h
cfn=(462) exp2f@@GLIBC_2.27
calls=1 29 
* 5
cob=(4)
cfi=(116)
cfn=(458) expm1
calls=1 29 
* 5
cob=(4)
cfi=(123)
cfn=(456) __asin_finite@GLIBC_2.15
calls=1 31 
* 8
cob=(4)
cfi=(127) ./math/../sysdeps/x86_64/fpu/multiarch/s_fma.c
cfn=(454) fma
calls=1 49 
* 9
cob=(4)
cfi=(116)
cfn=(450) sinf
calls=1 29 
* 5
cob=(4)
cfi=(123)
cfn=(448) __acos_finite@GLIBC_2.15
calls=1 31 
* 8
cob=(4)
cfi=(118)
cfn=(446) __log_finite@GLIBC_2.15
calls=1 32 
* 12
cob=(4)
cfi=(116)
cfn=(442) __log1p
calls=1 29 
* 5
cob=(4)
cfi=(116)
cfn=(438) log2f@@GLIBC_2.27
calls=1 29 
* 5
cob=(4)
cfi=(123)
cfn=(436) __pow_finite@GLIBC_2.15
calls=1 31 
* 8
cob=(4)
cfi=(116)
cfn=(434) powf@@GLIBC_2.27
calls=1 29 
* 5
cob=(4)
cfi=(116)
cfn=(430) sincosf
calls=1 29 
* 5
cob=(4)
cfi=(116)
cfn=(426) log2@@GLIBC_2.29
calls=1 29 
* 5
cob=(4)
cfi=(116)
cfn=(422) logf@@GLIBC_2.27
calls=1 29 
* 5
cob=(4)
cfi=(118)
cfn=(420) cos
calls=1 32 
* 12
cob=(4)
cfi=(116)
cfn=(416) expf@@GLIBC_2.27
calls=1 29 
* 5
cob=(4)
cfi=(118)
cfn=(414) __exp_finite@GLIBC_2.15
calls=1 32 
* 12
cob=(4)
cfi=(116)
cfn=(410) cosf
calls=1 29 
* 5
cob=(3)
cfi=(112) ./string/../sysdeps/x86_64/multiarch/ifunc-evex.h
cfn=(400) rawmemchr
calls=1 38 
* 8
cob=(3)
cfi=(99) ./string/../sysdeps/x86_64/multiarch/ifunc-strcasecmp.h
cfn=(398) strncasecmp
calls=1 37 
* 14
cob=(3)
cfi=(88) ./string/../sysdeps/x86_64/multiarch/ifunc-memmove.h
cfn=(396) mempcpy
calls=1 57 
* 20
cob=(3)
cfi=(84) ./string/../sysdeps/x86_64/multiarch/ifunc-sse4_2.h
cfn=(394) strspn
calls=1 36 
* 6
cob=(3)
cfi=(112)
cfn=(390) memchr
calls=1 38 
* 8
cob=(3)
cfi=(88)
cfn=(388) memmove
calls=1 57 
* 20
cob=(3)
cfi=(101) ./string/../sysdeps/x86_64/multiarch/ifunc-strcpy.h
cfn=(386) stpcpy
calls=1 38 
* 10
cob=(3)
cfi=(110) ./wcsmbs/../sysdeps/x86_64/multiarch/ifunc-memcmp.h
cfn=(382) wmemcmp
calls=1 34 
* 7
cob=(3)
cfi=(94) ./string/../sysdeps/x86_64/multiarch/ifunc-strncpy.h
cfn=(378) strncpy
calls=1 35 
* 6
cob=(3)
cfi=(82) ./string/../sysdeps/x86_64/multiarch/ifunc-avx2.h
cfn=(374) strlen
calls=1 40 
* 9
cob=(3)
cfi=(99)
cfn=(372) strcasecmp_l
calls=1 37 
* 14
cob=(3)
cfi=(101)
cfn=(370) strcpy
calls=1 38 
* 10
cob=(3)
cfi=(82)
cfn=(366) strchrnul
calls=1 40 
* 9
cob=(3)
cfi=(82)
cfn=(362) memrchr
calls=1 40 
* 9
cob=(3)
cfi=(104) ./wcsmbs/../sysdeps/x86_64/multiarch/ifunc-wmemset.h
cfn=(358) wmemset
calls=2 36 
* 12
cob=(3)
cfi=(102) ./string/../sysdeps/x86_64/multiarch/ifunc-memcmp.h
cfn=(354) bcmp
calls=1 34 
* 7
cob=(3)
cfi=(99)
cfn=(352) strncasecmp_l
calls=1 37 
* 14
cob=(3)
cfi=(101)
cfn=(350) strcat
calls=1 38 
* 10
cob=(3)
cfi=(100) ./wcsmbs/../sysdeps/x86_64/multiarch/wcscpy.c
cfn=(348) wcscpy
calls=1 38 
* 6
cob=(3)
cfi=(84)
cfn=(346) strcspn
calls=1 36 
* 6
cob=(3)
cfi=(99)
cfn=(344) strcasecmp
calls=1 37 
* 14
cob=(3)
cfi=(98) ./string/../sysdeps/x86_64/multiarch/strncmp.c
cfn=(342) strncmp
calls=1 44 
* 14
cob=(3)
cfi=(96) ./wcsmbs/../sysdeps/x86_64/multiarch/ifunc-evex.h
cfn=(338) wmemchr
calls=2 38 
* 16
cob=(3)
cfi=(94)
cfn=(334) stpncpy
calls=1 35 
* 6
cob=(3)
cfi=(89) ./wcsmbs/../sysdeps/x86_64/multiarch/ifunc-avx2.h
cfn=(330) wcscmp
calls=1 40 
* 9
cob=(3)
cfi=(82)
cfn=(326) rindex
calls=1 40 
* 9
cob=(3)
cfi=(91) ./string/../sysdeps/x86_64/multiarch/strchr.c
cfn=(324) index
calls=1 43 
* 12
cob=(3)
cfi=(89)
cfn=(320) wcschr
calls=2 40 
* 18
cob=(3)
cfi=(88)
cfn=(318) memcpy@@GLIBC_2.14
calls=1 57 
* 20
cob=(3)
cfi=(86) ./wcsmbs/../sysdeps/x86_64/multiarch/ifunc-wcslen.h
cfn=(316) wcslen
calls=1 41 
* 11
cob=(3)
cfi=(87) ./string/../sysdeps/x86_64/multiarch/ifunc-memset.h
cfn=(314) memset
calls=1 54 
* 17
cob=(3)
cfi=(86)
cfn=(312) wcsnlen
calls=1 41 
* 11
cob=(3)
cfi=(85) ./string/../sysdeps/x86_64/multiarch/strcmp.c
cfn=(310) strcmp
calls=1 48 
* 13
cob=(3)
cfi=(84)
cfn=(308) strpbrk
calls=1 36 
* 6
cob=(3)
cfi=(82)
cfn=(304) strnlen
calls=2 40 
* 18
fi=(6)
97 60
fi=(5)
535 60
fi=(6)
97 124
fe=(76)
301 56
fi=(6)
51 7
fi=(4)
+30 21
fe=(76)
304 42
+24 7
+3 14
+17 14
-96 14
fi=(6)
114 27
+9 18
+1 4
fi=(5)
482 4
fi=(6)
124 4
fi=(5)
482 8
fi=(6)
124 899
fi=(5)
482 899
fi=(6)
124 899
fi=(5)
482 1798
+5 1806
+1 903
fi=(6)
123 903
fi=(5)
488 903
-5 903
fi=(6)
123 1806
+3 27
+3 28
+2 21
-59 6
fe=(76)
182 6
fi=(6)
73 6
fe=(76)
182 24
fi=(6)
-49 12
+1 6
+1 6
-2 6
+2 6
+3 6
-5 6
+2 6
-2 6
+1 12
+2 6
-2 6
+2 18
+2 12
-5 6758
+1 3379
+1 3379
-2 3379
+2 3379
+3 3379
-5 3379
+2 3379
-2 3379
+1 6758
+2 3379
-2 3379
+2 10137
+2 6758
+9 3383
fi=(5)
253 6766
+7 6766
+4 6766
fe=(76)
-94 13532
fi=(4)
-28 10098
fe=(76)
+29 6732
+3 15372
+8 1615
+4 646
-3 323
+1 323
+2 4162
-3 1435
+1 1435
+2 7498
+1 1758
-1 1758
+2 10548
+2 10548
cfi=(77) ./elf/./elf/dl-lookup.c
cfn=(288) _dl_lookup_symbol_x
calls=1758 756 
* 1250615
+3 1758
+1 3516
-4 1758
+4 8790
fi=(5)
+79 13456
+3 3358
-3 10091
+3 3375
-3 3375
+3 6750
+1 6750
+1 6750
+25 20298
407 8166
fi=(6)
150 8166
fi=(5)
407 1274
fi=(6)
150 1960
-19 13540
+32 36
+1 16
+1 6
+3 4
+4 2
-2 2
+1 2
-3 2
+2 2
+2 2
-2 12
fi=(5)
273 2
+3 2
-3 2
+4 4
461 2
-1 4
+1 4
+1 2
cfi=(16)
cfn=(500)
calls=1 39 
* 5
cob=(3)
cfi=(80) ./string/../sysdeps/x86/cacheinfo.h
cfn=(300) __x86_cacheinfo
calls=1 61 
* 27
fi=(6)
164 2
fi=(5)
463 2
fi=(6)
164 10
-13 12
fi=(5)
330 6
+1 9
fi=(6)
150 6
fi=(5)
384 54
+2 72
+4 18
+9 18
-9 36
+9 18
fi=(6)
150 36
fi=(5)
336 6
+11 2
-9 4
+9 2
fi=(6)
150 4
fi=(5)
444 3
+5 2
-1 3
+1 2
-1 1
cfi=(30)
cfn=(86)
calls=1 219 
* 70
+2 5
+1 2
273 85
fi=(6)
140 10
+3 2
fi=(5)
273 10
fe=(76)
-98 7071
+3 1608
-1 1608
+19 1608
-18 3216
349 14
cfn=(404) _dl_protect_relro
calls=7 +7 
* 168
+1 56
175 5148
301 3
fi=(6)
179 2
73 2
179 9
+2 2
+1 2
-1 1
+3 1
-3 4
+3 2
-3 10
+1 10
-1 5
+3 5
-3 20
+3 10
+8 6
fi=(5)
+61 12
+7 12
+4 12
fe=(76)
-94 24
fi=(4)
-28 18
fe=(76)
+29 12
+3 36
+8 30
+4 12
-3 6
+1 6
+2 36
+4 30
-4 6
+4 12
cfi=(77)
cfn=(288)
calls=6 756 
* 3509
+3 6
+1 12
-4 6
+4 30
fi=(5)
+79 22
+3 4
-3 12
+3 4
-3 4
+3 8
+1 8
+1 8
+25 36
407 6
fi=(6)
195 18
-16 24
+30 6
fe=(76)

fn=(404)
356 7
-1 14
+1 28
+3 7
-3 7
+3 7
+4 14
+7 14
-6 21
cfi=(115) ./misc/../sysdeps/unix/syscall-template.S
cfn=(406) mprotect
calls=7 117 
* 35
* 14

fl=(68)
fn=(532) _dl_unload_cache
536 4
-1 1
+3 2
cfi=(115)
cfn=(534) munmap
calls=1 117 
* 5
+1 1
+4 1
+2 2

fn=(228)
413 20
+2 8
+3 12
+69 9
+5 12
+3 20
cfn=(234) search_cache
calls=4 206 
* 4864
* 4
+15 8
+4 8
+8 8
cfi=(23)
cfn=(66)
calls=4 101 
* 136
+2 4
-2 4
+1 20
+1 4
cfi=(30)
cfn=(86)
calls=4 219 
* 56
* 4
+1 4
cfi=(45)
cfn=(148)
calls=4 40 
* 356
+1 12
421 5
cfi=(54)
cfn=(230) _dl_sysdep_read_whole_file
calls=1 36 
* 83
* 1
+8 6
+1 8
+3 3
+1 1
-1 3
fi=(69) ./elf/../sysdeps/generic/dl-cache.h
194 1
+1 5
fe=(68)
441 1
+1 2

fn=(234)
206 36
+2 4
-2 16
fi=(70) ./elf/../sysdeps/x86/dl-procinfo.h
39 8
+3 12
cfi=(33)
cfn=(98)
calls=4 +89 
* 168
* 28
cfi=(33)
cfn=(98)
calls=4 +89 
* 176
* 20
fe=(68)
211 20
cfi=(11)
cfn=(28)
calls=4 408 
* 80
* 4
+17 8
-12 8
+15 4
-15 16
359 12
228 24
+2 185
+1 37
-37 74
+37 37
+4 74
+4 111
cfn=(238) _dl_cache_libcmp
calls=37 367 
* 2900
+1 74
356 33
+1 21
228 42
+8 44
+14 8
+3 8
+2 16
cfn=(238)
calls=4 367 
* 316
* 8
-7 8
-35 12
+1 4
-1 32
+1 4
-1 32
+54 8
+10 8
+1 12
+7 8
fi=(69)
125 20
fe=(68)
294 8
+9 8
+3 8
+5 4
+1 12
+28 8
+23 36

fn=(238)
367 41
+1 135
+4 219
-2 219
+2 219
-2 438
+20 430
+2 430
-24 178
+28 178
+1 178
-29 356
+32 12
-28 8
+8 4
-2 8
+1 8
+1 8
-2 4
+2 4
+2 12
-3 4
+3 4
+2 8
+9 111

fl=(52) ./elf/./elf/dl-error-skeleton.c
fn=(254) _dl_receive_error
238 5
+1 1
+1 1
+3 1
+1 1
+2 1
cfi=(2) ./elf/./elf/rtld.c
cfn=(256) version_check_doit
calls=1 677 
* 21381
+2 1
+1 1
+1 4

fn=(172) _dl_catch_error
225 9
+2 2
cfn=(176) _dl_catch_exception
calls=1 -52 
* 2388
* 1
+1 2
+1 1
+1 1
-1 1
+1 1
+2 5

fn=(176)
175 12
+5 12
-5 36
+5 12
-2 24
+21 12
+7 24
-7 12
+1 24
+3 24
+3 12
cfi=(53) ./setjmp/../sysdeps/x86_64/setjmp.S
cfn=(178) __sigsetjmp
calls=12 32 
* 228
* 24
+2 36
cfi=(66) ./elf/./elf/dl-deps.c
cfn=(220) openaux
calls=11 61 
* 25216
cfi=(2)
cfn=(180) map_doit
calls=1 644 
* 2338
+2 12
-1 12
+1 12
-1 12
+1 24
-25 12
+34 24

fl=(58)
fn=(198)
29 6
+1 12
+5 18
cfi=(59)
cfn=(200)
calls=6 154 
* 42

fl=(60)
fn=(202)
47 26
+3 52
+8 104
+2 26

fl=(33)
fn=(98)
131 2219
+1 2219
+2 2219
+1 2219
+21 2219
+1 2219
+1 1153
+1 1153
+1 1019
+1 1019
+1 1019
+1 1019
+17 1019
+1 1019
+1 1019
+1 1019
+1 1019
+1 1019
+1 1019
+5 21
+1 21
+9 21
+1 21
+1 21
+1 21
+1 21
+1 21
+1 21
+1 21
-7 1200
+1 1200
+1 1200
+1 1200
+1 1200
+1 1200
+1 1200
+1 1200
+1 228
+1 121
+1 121
+1 121
+2 121
+1 121
+1 121
+1 121
+1 121
+1 121
-5 107
+1 107
+1 107
+1 107
+1 107
+1 107
+10 993
+1 993
+1 993
+2 993
+6 993
+1 993
+1 993
+1 993
+1 993
+5 993
+2 984
+1 984
+1 1968
+8 984
+1 984
+3 984
+1 984
+1 984
+1 984
+1 984
+1 984
+31 8
+1 8
+1 8
+1 8
+1 8
+2 8
+1 8
+1 8
+1 8
+1 8
+1 8
+1 8
424 1
+1 1
+1 1
+1 1
+1 1
+2 1
+1 1
+1 1
+1 1
+1 1
+1 1
+1 1
+1 1
+3 1
+1 1
+1 1
+6 1
+1 1
+1 2
+4 1
+1 1
+3 1
+1 1
+1 1
+2 1
+1 1
+1 1
+4 1
+1 1
+1 1
+1 1
+1 1
+1 1
+69 1
+1 1
+1 1
+1 1
+1 1
+2 1
+1 1
+1 1
+1 1
+1 1
+1 1
+1 1
+1 1
+4 1
+1 1
+1 1
+6 1
+1 1
+1 2
+4 1
+1 1
+3 1
+1 1
+1 1
+2 1
+1 1
+1 1
+4 1
+1 1
+1 1
+1 1
+1 1
+1 1
780 4
+1 4
+1 4
+1 4
+1 4
+2 4
+1 4
+1 4
+1 4
+1 4
+1 4
+1 4
+1 2
+4 2
+1 2
+1 2
+6 2
+1 2
+1 4
+4 2
+1 2
+3 2
+1 2
+1 2
+2 2
+1 2
+1 2
+4 2
+1 2
+1 2
+1 2
+1 2
+1 2
+7 1
+1 1
+2 1
+1 1
+2 1
+1 1
+1 1
+2 1
+1 1
+1 1
+4 1
+1 1
+1 1
+1 1
+1 1
+1 1
+41 4
+1 4
+1 4
+1 4
+1 4
+2 4
+1 4
+1 4
+1 4
+1 4
+1 4
+1 4
+1 3
+4 3
+1 3
+1 3
+6 3
+1 3
+1 6
+4 3
+1 3
+3 3
+1 3
+1 3
+2 3
+1 3
+1 3
+4 3
+1 3
+1 3
+1 3
+1 3
+1 3
+7 1
+1 1
+2 1
+1 1
+2 1
+1 1
+1 1
+2 1
+1 1
+1 1
+4 1
+1 1
+1 1
+1 1
+1 1
+1 1
+41 6
+1 6
+1 6
+1 6
+1 6
+2 6
+1 6
+1 6
+1 6
+1 6
+1 6
+1 6
1137 14
+1 14
+1 14
+1 14
+1 14
+2 14
+1 14
+1 14
+1 14
+1 14
+1 14
+1 14
+1 6
+4 6
+1 6
+1 6
+6 6
+1 6
+1 12
+4 6
+1 6
+3 6
+1 6
+1 6
+2 6
+1 6
+1 6
+4 6
+1 6
+1 6
+1 6
+1 6
+1 6
+69 49
+1 49
+1 49
+1 49
+1 49
+2 49
+1 49
+1 49
+1 49
+1 49
+1 49
+1 49
+1 19
+4 19
+1 19
+1 19
+6 19
+1 19
+1 38
+4 19
+1 19
+3 19
+1 19
+1 19
+2 19
+1 19
+1 19
+4 19
+1 19
+1 19
+1 19
+1 19
+1 19
+69 27
+1 27
+1 27
+1 27
+1 27
+2 27
+1 27
+1 27
+1 27
+1 27
+1 27
+1 27
+1 22
+4 22
+1 22
+1 22
+6 22
+1 22
+1 44
+4 22
+1 22
+3 22
+1 22
+1 22
+2 22
+1 22
+1 22
+4 22
+1 22
+1 22
+1 22
+1 22
+1 22
+7 1
+1 1
+2 1
+1 1
+2 1
+1 1
+1 1
+2 1
+1 1
+1 1
+4 1
+1 1
+1 1
+1 1
+1 1
+1 1
+41 13
+1 13
+1 13
+1 13
+1 13
+2 13
+1 13
+1 13
+1 13
+1 13
+1 13
+1 13
+1 2
+4 2
+1 2
+1 2
+6 2
+1 2
+1 4
+4 2
+1 2
+3 2
+1 2
+1 2
+2 2
+1 2
+1 2
+4 2
+1 2
+1 2
+1 2
+1 2
+1 2
+69 7
+1 7
+1 7
+1 7
+1 7
+2 7
+1 7
+1 7
+1 7
+1 7
+1 7
+1 7
+1 6
+4 6
+1 6
+1 6
+6 6
+1 6
+1 12
+4 6
+1 6
-1 2
+1 2
+3 8
+1 8
+1 8
+2 8
+1 8
+1 8
+4 8
+1 8
+1 8
+1 8
+1 8
+1 8
+7 2
+1 2
+2 2
+1 2
+2 2
+1 2
+1 2
+2 2
+1 2
+1 2
+4 2
+1 2
+1 2
+1 2
+1 2
+1 2
+7 2
+1 2
+1 2
+32 28
+1 28
+1 28
+1 28
+1 28
+2 28
+1 28
+1 28
+1 28
+1 28
+1 28
+1 28
+1 4
+4 4
+1 4
+1 4
+6 4
+1 4
+1 8
+4 4
+1 4
+3 4
+1 4
+1 4
+2 4
+1 4
+1 4
+4 4
+1 4
+1 4
+1 4
+1 4
+1 4
+7 1
+1 1
+2 1
+1 1
+2 1
+1 1
+1 1
+2 1
+1 1
+1 1
+4 1
+1 1
+1 1
+1 1
+1 1
+1 1
+41 8
+1 8
+1 8
+1 8
+1 8
+2 8
+1 8
+1 8
+1 8
+1 8
+1 8
+1 8
+1 5
+4 5
+1 5
+1 5
+6 5
+1 5
+1 10
+4 5
+1 5
+3 5
+1 5
+1 5
+2 5
+1 5
+1 5
+4 5
+1 5
+1 5
+1 5
+1 5
+1 5
+7 1
+1 1
+2 1
+1 1
+2 1
+1 1
+1 1
+2 1
+1 1
+1 1
+4 1
+1 1
+1 1
+1 1
+1 1
+1 1
+41 58
+1 58
+1 58
+1 58
+1 58
+2 58
+1 58
+1 58
+1 58
+1 58
+1 58
+1 58
+2 14
+4 14
+1 14
+1 14
+6 14
+1 14
+2 28
+4 14
+1 14
+3 14
+1 14
+1 14
+2 14
+1 14
+1 14
+4 14
+1 14
+1 14
+1 14
+1 14
+1 14
+71 1069
+2 1069
+1 1069
+1 1069
+1 1069
-3 152
+1 152
+1 152
+1 152
+1 242
+5 121
+6 121
+1 121
+8 121
+1 121
-16 2098
+6 2098
+1 2098
+8 2098
+1 2098

fn=(262) strncmp
125 1
+1 1
+1 1
+1 1
+1 1
+2 1
+1 1
+2 1
+1 1
+21 1
+1 1
+1 1
+1 1
+1 1
+1 1
+1 1
+1 1
+17 1
+1 1
+1 1
+1 1
+1 1
+1 1
+1 1
2104 1
+3 1
+1 1
+2 1
+1 1
+8 1
+1 1

fl=(49)
fn=(530) _dl_audit_activity_nsid
45 4
+2 3
+4 1

fn=(1594) _dl_audit_preinit
119 4

fn=(214)
78 20

fn=(162) _dl_audit_activity_map
29 7
+2 1
-1 1
+1 2
+6 8

fl=(26) ./elf/./elf/dl-environ.c
fn=(74) _dl_next_ld_env_entry
29 4
+3 71
+13 58
-13 116
+2 122
+1 18
+5 3
-3 3
+3 3
+2 3
+7 1

fl=(20) ./elf/../sysdeps/x86/dl-cacheinfo.h
fn=(50) handle_intel.constprop.0
255 24
-5 12
+17 24
-17 72
+11 12
+1 12
+5 36
+4 24
+34 96
-29 12
+3 24
-3 12
+3 36
cfn=(52) intel_check_word.constprop.0
calls=12 123 
* 4104
+2 24
+3 60
cfn=(52)
calls=12 123 
* 2646
+2 24
+3 45
cfn=(52)
calls=9 123 
* 180
+2 18
+3 45
cfn=(52)
calls=9 123 
* 1795
+2 18
+4 3

fn=(56) get_common_cache_info.constprop.0
476 2
+16 1
-16 1
+19 1
+8 1
-27 3
+15 1
-15 3
+17 1
+1 1
-1 1
+13 2
-5 1
+17 1
+5 3
+4 2
675 4
+1 5
+4 2
+7 1
+3 1
-2 1
+2 1
-1 1
+1 5
532 5
+3 1
-3 1
+3 8
+6 2
-6 9
+6 6
+4 26
+14 2
+4 1
+3 1
+1 1
-4 2
+3 3
+6 2
-37 6
+7 8
+8 2
+4 1
+1 1
-1 2
+18 2
-69 8
+75 4
+8 7
+2 2
-2 1
+6 3
+3 1
+1 5
-4 3
+21 2
-21 4
+3 1
+1 4
-4 1
+6 4
+3 2
+5 1
+2 2
+1 1
+1 1
-2 2
+1 2
-19 5
+46 3
+1 2
+1 2
+2 2
-1 3
-23 2
-7 1
+11 2
+3 1
+2 4
+1 1
+5 2

fn=(52)
123 126
-4 126
+10 168
-10 42
+10 84
+2 84
+71 66
fi=(21) ./elf/../bits/stdlib-bsearch.h
32 33
fe=(20)
202 165
-71 170
+2 99
+2 198
+8 198
+51 198
+22 99
fi=(21)
28 99
-1 198
+2 582
+2 540
+1 270
fe=(20)
+78 540
+3 621
fi=(21)
-82 429
-2 858
+2 762
+1 381
fe=(20)
+78 762
221 120
+14 38
131 3
236 3
131 3
-6 31
246 168
fi=(21)
37 384
fe=(20)
223 11
+2 22
+3 14
+3 8
+1 8
-3 6
-2 8

fl=(1) ???
fn=(0) 0x000000000001ab20
0 2
cfi=(2)
cfn=(2) _dl_start
calls=1 520 
0 1728450
0 10
cfi=(145) ./elf/./elf/dl-init.c
cfn=(538) _dl_init
calls=1 81 
0 11462
0 3
cob=(5) /home/priyanshu24suman/proj/psx/psx
cfi=(146) ???
cfn=(1042) (below main)
calls=1 0 
0 1325938

fl=(11)
fn=(28)
408 238
+9 34
-9 134
+9 10
+17 170
+2 34
-9 24
+1 24

fn=(22) __GI___tunables_init
282 8
-9 3
+34 5
71 310
+6 61
-3 61
+3 6225
357 8
81 122
+5 183
fi=(12) ./elf/./elf/dl-tunables.h
+54 61
fe=(11)
-54 61
fi=(12)
+54 61
+1 148
-1 139
+1 148
fe=(11)
323 244
-18 9028
+6 12383
fi=(12)
140 1098
+1 1098
-1 100
+1 400
-1 500
fe=(11)
+12 122

fn=(60) do_tunable_update_val
99 5
+3 15
fi=(22) ./elf/./dl-tunable-types.h
-12 5
fe=(11)
+21 5
+1 5
fi=(22)
-22 5
fe=(11)
+22 15
+1 25
fi=(12)
+8 10
fe=(11)
+13 5
+1 5
+1 5
+1 5
+1 5
fi=(12)
-16 5
fe=(11)
-6 10
fi=(12)
+15 5
fe=(11)
-12 15
+4 20
+7 10
+1 10

fn=(58) __GI___tunable_set_val
158 30
+2 5
cfn=(60)
calls=5 -61 
* 190

fl=(23)
fn=(66)
101 31
+1 31
+1 31
+1 31
+1 31
+1 31
+1 31
+2 31
+2 31
+31 30
+1 30
+1 30
+1 30
+1 30
+1 15
+2 15
+4 15
+1 15
+1 15
+1 15
+1 15
+1 15
+1 15
+1 15
+1 15
+1 15
+1 15
+1 15
+5 120
+4 1
+1 14
+1 8

fl=(71)
fn=(244)
25 2
+1 8
+1 2

fl=(65) ./io/../sysdeps/unix/sysv/linux/access.c
fn=(216) access
27 7
+4 1

fl=(27)
fn=(76)
59 78
+3 12
+21 5
-3 5
+3 5
cfi=(23)
cfn=(66)
calls=5 +18 
* 98
+4 10
-4 5
+9 5
-9 15
fi=(29)
-39 10
cfi=(28)
cfn=(78)
calls=5 +38 
* 197
fe=(27)
+39 1
fi=(29)
-39 2
cfi=(28)
cfn=(78)
calls=1 +38 
* 40
* 6
fe=(27)
+51 12
+5 6
+4 6
-6 6
+2 6
+4 6
-5 6
+4 6
+1 6
-1 6
+1 12
cfi=(30)
cfn=(86)
calls=6 219 
* 71
* 12
+2 6
+13 12
+6 1
+2 7
+3 2
-3 35
+3 10
+2 6
+4 6
+3 18
fi=(4)
1354 3
fe=(27)
139 2
+2 1
-2 2
fi=(4)
1354 45
fe=(27)
139 30
+2 15
-2 30
+16 12
-5 6
+5 6
-6 6
+30 6
-24 6
-6 6
+6 12
+2 10
+3 10
-3 10
+7 24
+4 10
+8 1
+3 1
+10 3
-10 5
+10 15
+2 5
+21 5
-21 5
cfi=(23)
cfn=(66)
calls=5 -90 
* 170
* 15
+17 5
-13 15
+50 15
cfi=(30)
cfn=(134)
calls=5 -39 
* 84
* 5
+5 10
+1 10
-1 158
+1 158
+2 10
+3 5
+3 5
+4 54
131 12
-8 5
-4 10
+34 1
+7 4
+8 20
fi=(29)
56 10
cfi=(28)
cfn=(82)
calls=5 -21 
* 120
* 5
fe=(27)
200 20
64 2
+2 3
+1 2
+4 6
+6 2

fn=(90)
31 6
+2 6
-2 12
+2 6
-2 12
+2 6
cfi=(25)
cfn=(92)
calls=6 +11 
* 12
+2 53
+3 80
+2 5
+2 5
+4 5
+4 5
-4 10
+1 10
+1 5
+3 5
-3 5
+3 10
-1 5
cfi=(25)
cfn=(92)
calls=5 -6 
* 10
-4 1
+4 1
-4 2
+1 2
+1 1
+3 1
-3 1
+3 2
-1 1
cfi=(25)
cfn=(92)
calls=1 -6 
* 2
-5 2

fl=(145)
fn=(540) call_init
29 16
-2 64
+8 32
+2 16
+6 7
+3 7
-3 14
+3 14
+5 12
+8 18
+1 24
cob=(2) ???
cfi=(51) ???
cfn=(854) 0x00000000048e0000
calls=1 -60 
* 11
cob=(2)
cfi=(51)
cfn=(648) 0x0000000004a64000
calls=1 -60 
* 11
cob=(2)
cfi=(51)
cfn=(636) 0x0000000004c73000
calls=1 -60 
* 11
cob=(2)
cfi=(51)
cfn=(542) 0x0000000004838000
calls=1 -60 
* 6030
+3 6
+1 12
+6 10
+2 10
-2 5
+3 45
+1 60
cob=(8) /usr/lib/x86_64-linux-gnu/libstdc++.so.6.0.30
cfi=(170) ???
cfn=(1034) 0x00000000000a5d40
calls=1 -74 
* 241
cob=(8)
cfi=(170)
cfn=(1008) 0x00000000000a5c80
calls=1 -74 
* 50
cob=(8)
cfi=(170)
cfn=(982) 0x00000000000a5bc0
calls=1 -74 
* 50
cob=(8)
cfi=(170)
cfn=(964) 0x00000000000a5b40
calls=1 -74 
* 34
cob=(8)
cfi=(170)
cfn=(946) 0x00000000000a5ac0
calls=1 -74 
* 34
cob=(8)
cfi=(170)
cfn=(944) 0x00000000000a5aa0
calls=1 -74 
* 80
cob=(8)
cfi=(170)
cfn=(940) 0x00000000000a5a60
calls=1 -74 
* 162
cob=(8)
cfi=(170)
cfn=(938) 0x00000000000a5a40
calls=1 -74 
* 80
cob=(8)
cfi=(170)
cfn=(936) 0x00000000000a58e0
calls=1 -74 
* 44
cob=(8)
cfi=(170)
cfn=(910) 0x00000000000a57f0
calls=1 -74 
* 78
cob=(8)
cfi=(170)
cfn=(896) 0x00000000000a5780
calls=1 -74 
* 972
cob=(8)
cfi=(170)
cfn=(886) 0x00000000000a5760
calls=1 -74 
* 702
cob=(8)
cfi=(170)
cfn=(866) 0x00000000000a56d0
calls=1 -74 
* 1718
cob=(7) /usr/lib/x86_64-linux-gnu/libgcc_s.so.1
cfi=(169) ???
cfn=(848) 0x00000000000046a0
calls=1 -74 
* 12
cob=(3)
cfi=(167) ./libio/./libio/vtables.c
cfn=(634) check_stdfiles_vtables
calls=1 +10 
* 11
* 20
cob=(8)
cfi=(170)
cfn=(860) 0x00000000000a5e40
calls=1 -74 
* 12
cob=(7)
cfi=(169)
cfn=(654) __cpu_indicator_init
calls=1 -74 
* 429
cob=(4)
cfi=(168) ???
cfn=(642) 0x00000000000102f0
calls=1 -74 
* 12
cob=(3)
cfi=(164) ./csu/./csu/init-first.c
cfn=(626) _init_first
calls=1 -28 
* 66
cob=(6) /usr/libexec/valgrind/vgpreload_core-amd64-linux.so
cfi=(163) ???
cfn=(620) 0x0000000000001100
calls=1 -74 
* 12
-1 60
+3 48
-29 2

fn=(538)
81 11
+1 1
+1 1
+3 3
+8 2
+25 1
+1 5
+1 5
-1 1
+1 1
cfn=(540)
calls=1 -92 
* 36
* 30
-1 6
+1 6
cfn=(540)
calls=6 -92 
* 5226
-1 14
+7 8
-39 1
cfn=(540)
calls=1 -59 
* 6102
+1 2

fl=(66)
fn=(218) _dl_map_object_deps
143 4
+1 2
-1 2
+1 1
-1 1
+1 1
-1 1
+1 1
-1 5
+1 1
-8 1
+8 2
-8 1
-6 1
+6 1
-8 1
+16 1
-15 1
+1 1
+6 1
+24 4
-28 2
-2 1
+31 1
-33 2
+2 2
+30 2
-30 1
-1 4
+7 4
+24 2
-32 1
+60 1
-60 2
+54 1
+46 1
-64 1
fi=(73) ./elf/../include/scratch_buffer.h
-87 2
fe=(66)
+87 1
fi=(73)
-86 1
fe=(66)
184 1
+44 4
-31 1
-4 1
+4 8
-4 6
+4 12
+11 18
-18 2
+18 4
417 14
+2 5
+3 5
-3 15
+3 10
fi=(29)
56 5
cfi=(28)
cfn=(82)
calls=5 -21 
* 120
fe=(66)
423 15
fi=(29)
56 5
fe=(66)
423 5
+6 5
+1 25
cfi=(30)
cfn=(86)
calls=5 219 
* 58
+1 30
cfi=(30)
cfn=(86)
calls=5 219 
* 58
+4 5
-1 5
+5 21
188 12
+22 20
+8 5
-3 5
+1 5
+2 5
+3 5
-4 5
+4 15
-31 5
+31 5
-31 30
+42 22
-2 11
+2 22
cfi=(52)
cfn=(176)
calls=11 -57 
* 25766
* 11
+1 22
+9 11
+2 22
+5 5
+6 5
+2 5
-8 10
+3 5
+1 5
+1 5
+1 5
+4 25
+4 33
+1 24
-43 556
+1 278
+6 44
cfi=(31)
cfn=(146)
calls=11 +10 
* 512
* 55
+38 384
-45 25
fi=(73)
85 3
fe=(66)
448 5
+4 4
+11 5
fi=(29)
56 1
cfi=(28)
cfn=(82)
calls=1 -21 
* 24
fe=(66)
465 3
fi=(29)
56 1
fe=(66)
465 1
+5 1
+2 1
-2 1
+1 1
+3 1
-4 2
+4 1
+4 21
+7 7
-2 7
+2 7
-2 7
+2 7
+5 7
-16 21
+21 3
+37 2
+15 1
-11 1
+11 1
-14 2
+20 1
-1 4
+1 4
-1 5
cfi=(13) ./elf/./elf/dl-sort-maps.c
cfn=(250) _dl_sort_maps
calls=1 304 
* 465
+5 1
+2 1
+1 1
+1 1
-2 1
+2 2
+7 3
+3 2
+3 8
442 18
-1 7
+1 14
183 6
449 2
198 53
+3 5
fi=(73)
-70 15
cfi=(72)
cfn=(246)
calls=5 30 
* 95
fe=(66)
+70 10
+4 10
547 4
cfi=(30)
cfn=(86)
calls=1 219 
* 18
* 3

fn=(220)
61 22
+7 11
-4 22
+1 11
-1 88
cfi=(31)
cfn=(182)
calls=11 1971 
* 25029
* 11
+5 22

fl=(7)
fn=(490) lookup_malloc_symbol
61 8
+3 4
-3 16
+3 4
-3 4
+3 8
-1 4
+1 12
cfi=(77)
cfn=(288)
calls=4 756 
* 2501
+4 28
+1 28
+2 4
fi=(133) ./elf/./dl-sym-post.h
-30 8
+12 12
fe=(7)
+19 24

fn=(486) __rtld_malloc_init_real
76 1
+10 1
fi=(132) ./elf/../sysdeps/generic/dl-hash.h
-41 1
fe=(7)
+31 1
fi=(132)
-32 1
fe=(7)
+32 5
+11 1
-1 1
fi=(132)
-43 1
+5 3
+14 4
-17 3
+3 15
+14 20
-17 15
fe=(7)
+46 2
fi=(132)
-24 1
fe=(7)
+22 1
+2 2
fi=(132)
-19 1
fe=(7)
+19 1
cfn=(490)
calls=1 -30 
* 641
+1 3
-1 1
+1 1
cfn=(490)
calls=1 -31 
* 696
+1 3
-1 1
+1 1
cfn=(490)
calls=1 -32 
* 716
+1 3
-1 1
+1 1
cfn=(490)
calls=1 -33 
* 612
+5 1
+1 1
+1 1
+1 1
+1 7

fn=(142)
242 6
+2 2
+1 4
+4 47
+7 112
-2 56
+13 1
+4 4
-22 14
+11 14
-11 30

fn=(12) __rtld_malloc_init_stubs
43 2
+1 2
+1 2
+1 2
+1 1

fl=(2)
fn=(2)
520 15
84 1
550 1
84 1
546 1
84 1
549 1
84 1
fi=(3) ./elf/./get-dynamic-info.h
-39 1
fe=(2)
549 1
fi=(3)
45 2
+23 1
-14 1
+5 1
-1 1
-3 11
+13 3
-23 12
+23 17
-23 68
+4 40
+5 16
+2 5
+3 4
fi=(4)
+22 1
fi=(3)
+29 1
-38 3
+12 4
+1 4
+1 4
+1 4
+1 5
+1 4
+1 4
+1 4
+12 7
+7 2
+5 2
+7 1
+1 3
+6 3
+1 3
+3 2
+1 3
+5 3
+3 3
fi=(5)
-70 1
fe=(2)
566 90
fi=(4)
81 1
fe=(2)
566 3
fi=(4)
81 2
fe=(2)
566 40
fi=(5)
273 3
fi=(6)
49 1
fe=(2)
566 1
fi=(6)
50 1
-1 2
+4 1
-3 1
+3 4
+3 2
-7 1
fe=(2)
566 1
fi=(6)
50 1
-1 2
+4 1
-3 1
+3 4
+3 2
+7 5
+2 5
-2 10
fi=(5)
264 5
fi=(6)
64 10
fi=(5)
264 10
+9 40
+3 10
+1 10
+26 15
+4 4
fi=(6)
61 19
fe=(2)
566 6
fi=(6)
51 1
fi=(4)
+30 2
fi=(3)
-19 4
+2 4
fe=(2)
568 1
+13 1
cfi=(7)
cfn=(12)
calls=1 43 
* 9
460 2
84 1
478 2
84 3
478 1
cfi=(8)
cfn=(14)
calls=1 28 
* 26
+2 1
+17 1
-15 1
+15 1
-18 1
+3 1
+9 1
-11 1
+17 1
cfi=(9) ./elf/../sysdeps/unix/sysv/linux/dl-sysdep.c
cfn=(16) _dl_sysdep_start
calls=1 102 
* 1727775
* 1
+2 2
+89 9
-22 3
fi=(3)
103 3
fe=(2)

fn=(256)
677 2
+2 4
cfi=(74) ./elf/./elf/dl-version.c
cfn=(258) _dl_check_all_versions
calls=1 392 
* 21371
* 2
+4 2

fn=(180)
644 1
+2 1
-2 1
+2 1
+1 2
-1 2
+1 3
cfi=(31)
cfn=(182)
calls=1 1971 
* 2324
* 1
+2 2

fn=(264) init_tls
737 3
+2 1
+4 1
-4 1
+4 2
+11 1
fi=(29)
44 1
fe=(2)
749 1
+4 1
fi=(29)
44 1
cfi=(28)
cfn=(78)
calls=1 +38 
* 34
fe=(2)
764 1
-12 1
+6 1
-9 1
+11 1
+4 1
+2 3
-1 2
+3 14
+4 2
+2 2
-2 4
-5 2
-1 4
+1 5
-1 10
+10 3
+3 2
cfi=(47)
cfn=(266)
calls=1 122 
* 76
+3 1
cfi=(47)
cfn=(268)
calls=1 247 
* 108
+7 1
cfi=(47)
cfn=(270)
calls=1 448 
* 439
* 1
+1 2
+4 1
cfi=(47)
cfn=(274)
calls=1 1088 
* 32
+4 1
+3 2
-3 1
+3 6
+3 1
cfi=(25)
cfn=(276) __tls_init_tp
calls=1 66 
* 77
+1 1
+3 5

fn=(70) dl_main
1359 1
196 1
1359 4
2581 1
1359 7
198 1
301 1
+1 1
196 1
+99 3
1370 1
cfi=(25)
cfn=(72) __tls_pre_init_tp
calls=1 51 
* 16
2560 2
+6 5
-4 1
+4 1
+2 5
cfi=(26)
cfn=(74)
calls=1 29 
* 56
* 6
cfi=(26)
cfn=(74)
calls=3 29 
* 346
* 12
+4 9
-2 3
+2 9
+1 3
-1 9
+1 25
-1 131
+9 18
2699 4
+25 2
1386 1
+1 2
-1 2
+1 2
2657 3
+1 3
-24 3
+1 3
-33 2
+7 2
1656 8
cfi=(27)
cfn=(76)
calls=1 59 
* 284
* 1
+2 2
+1 1
+1 1
+5 1
-5 1
+1 1
-2 2
+2 2
+4 1
cfi=(27)
cfn=(90)
calls=1 31 
* 34
+1 2
1364 1
1124 1
-1 1
+29 1
-23 1
+2 1
+21 2
-19 1
+1 1
-5 1
+2 1
+21 2
+57 1
-83 1
+23 1
+4 1
+19 1
+37 2
-57 1
+57 2
-56 116
1258 4
+2 1
1152 18
-26 3
1265 22
+6 4
cfi=(31)
cfn=(94)
calls=1 876 
* 19
-7 26
+1 13
+6 13
-6 26
fi=(32)
212 4
+1 2
95 8
+10 2
212 1
105 2
-3 1
+3 1
-2 1
+2 2
-4 1
-1 2
+93 4
-1 1
-87 3
+3 3
+1 2
+1 2
+4 3
+4 3
+3 3
+1 2
+4 1
+1 5
+4 2
+1 1
+3 2
+3 1
+1 4
+5 4
+7 2
+16 1
-3 2
+6 4
fe=(2)
1157 1
-5 1
+5 2
-5 2
+30 1
-9 2
+2 1
-3 1
+10 2
+18 2
-38 2
-10 1
+10 1
+1 9
-11 2
+57 4
-1 4
+1 8
-1 4
+2 8
+1 1
+2 12
+1 14
+4 8
+1 8
+1 4
+1 10
+1 1
+4 1
-74 1
+74 2
-74 2
+74 3
-74 3
+74 6
-74 6
1254 1
1152 1
1254 1
1152 3
1277 4
+3 3
+2 3
+2 2
1691 3
+2 1
-1 1
+1 2
+1 2
-2 1
+2 1
-2 2
cfi=(33)
cfn=(98)
calls=1 131 
* 24
* 2
+7 1
+3 1
-5 1
+3 1
+2 1
+1 2
+4 2
+2 2
fi=(3)
39 4
+4 1
+2 3
+9 1
+5 1
-1 1
-3 17
+13 5
-23 20
+23 22
-23 88
+4 54
+5 24
+2 5
+16 4
+43 2
+7 3
+1 4
+6 3
+18 4
+15 4
+2 3
+1 2
+9 2
+6 2
+4 3
fe=(2)
1717 4
+7 2
cfi=(8)
cfn=(14)
calls=1 28 
* 26
+3 2
fi=(34) ./elf/./setup-vdso.h
24 2
fi=(37) ./elf/./dl-main.h
+88 2
fi=(36) ./elf/../sysdeps/unix/sysv/linux/dl-vdso-setup.h
-67 1
fi=(37)
+67 3
cfi=(31)
cfn=(110)
calls=1 706 
* 2902
fe=(2)
1752 3
cfi=(46)
cfn=(154) _dl_debug_initialize
calls=1 56 
* 32
+7 1
-7 1
+2 1
+5 1
+4 1
+1 1
+2 1
-3 3
+1 2
+3 1
+11 1
-13 1
+13 1
+1 2
+5 1
-3 2
+2 1
+1 2
+5 3
+1 5
-1 2
223 1
+1 1
-1 1
+1 3
-1 2
+2 2
1807 2
+5 1
-1 1
+1 1
+24 1
cfi=(47)
cfn=(156)
calls=1 225 
* 5
* 1
fi=(48) ./elf/../sysdeps/generic/dl-debug.h
29 4
+1 2
fe=(2)
1842 2
+1 1
cfi=(46)
cfn=(160) _dl_debug_state
calls=1 117 
* 1
+5 3
cfi=(49)
cfn=(162)
calls=1 29 
* 19
+5 3
+2 1
+2 2
+9 2
+16 4
cfi=(65)
cfn=(216)
calls=1 27 
* 8
* 2
+76 4
+16 3
84 1
1984 1
84 2
1984 1
84 1
1984 5
84 1
1984 2
cfi=(66)
cfn=(218)
calls=1 143 
* 29422
91 1
+9 1
1990 1
91 2
+9 2
1990 2
+1 5
-1 4
+1 12
-1 24
+4 3
+1 2
+1 1
+2 26
+1 12
+46 1
-42 2
+8 3
+1 2
+2 1
+2 3
+2 1
-4 1
+5 1
-1 2
+14 2
+1 2
+1 3
-25 1
+36 2
+2 2
-2 2
+1 2
+1 1
-1 2
+1 1
cfi=(52)
cfn=(254)
calls=1 238 
* 21397
+10 1
+1 1
-1 1
+1 1
+3 2
845 1
fi=(211) ./elf/../sysdeps/unix/sysv/linux/dl-osinfo.h
39 2
fe=(2)
847 1
fi=(211)
52 1
fe=(2)
856 1
+7 1
-5 1
2066 3
2265 2
+4 1
-4 1
+10 1
-6 1
+6 1
-6 1
+9 2
+8 2
fi=(32)
36 2
+1 3
+3 3
+13 9
-13 6
+9 12
-9 1
+9 28
+4 30
-16 21
fe=(2)
2297 3
+3 1
84 5
2306 22
+2 14
+5 14
+2 14
+6 7
+2 14
+1 48
cfi=(76)
cfn=(280)
calls=6 207 
* 1614259
+4 18
+1 4
-23 2
+23 2
cfi=(47)
cfn=(408)
calls=2 1105 
* 54
-23 5
91 3
+1 1
2338 1
92 1
2338 1
+4 4
+2 1
+7 4
cfi=(47)
cfn=(476)
calls=1 564 
* 213
+3 2
-37 1
+1 1
-3 2
+49 3
+2 2
+33 3
cfi=(136)
cfn=(502)
calls=1 29 
* 1450
+7 1
cfi=(9)
cfn=(528) _dl_sysdep_start_cleanup
calls=1 148 
* 1
+4 3
cfi=(49)
cfn=(530)
calls=1 45 
* 8
+5 2
cfi=(46)
cfn=(194)
calls=1 41 
* 6
+1 1
+1 1
cfi=(46)
cfn=(160)
calls=1 117 
* 1
+5 1
cfi=(68)
cfn=(532)
calls=1 536 
* 16
+5 8
225 3
1792 2
+6 1
-6 2
+6 1
fi=(32)
198 9
+2 1
+1 1
+1 1
-2 1
+3 1
-3 2
+3 1
fi=(3)
59 4
+3 4
+2 4
fi=(35) ./elf/../sysdeps/unix/sysv/linux/dl-vdso.h
-24 2
+1 5
fi=(36)
-11 1
+3 1
+3 1
+3 1
fi=(35)
+16 2
fi=(3)
+17 3
+12 3
+1 5
+1 5
+1 5
+1 4
+1 5
+1 5
+1 5
+12 2
+7 1
-7 7
+7 2
fe=(2)
2658 2
+2 1
+1 1
-1 1
+1 1
+1 1
1762 4
2376 1
cfi=(130)
cfn=(478)
calls=1 561 
* 981
+5 3
cfi=(7)
cfn=(486)
calls=1 76 
* 2772
+3 1
cfi=(134)
cfn=(494)
calls=1 30 
* 456
84 1
2390 1
+1 3
84 3
2391 2
cfi=(76)
cfn=(280)
calls=1 207 
* 3798
91 3
+9 3
2059 2
cfn=(264)
calls=1 737 
* 861
* 2
2609 2
+2 2
+1 1
1962 1
+1 1
-1 6
+4 3
+1 1
+1 2
+1 2
-7 2
84 1
1861 2
84 3
1861 2
cfn=(164) handle_preload_list
calls=1 877 
* 2762
* 1
91 3
+9 3

fn=(168) do_preload
812 1
+12 1
-12 5
+10 1
-4 1
+6 2
-5 1
+5 2
-10 1
+6 1
+4 1
cfi=(52)
cfn=(172)
calls=1 225 
* 2411
* 1
+1 3
+8 3
+6 5

fn=(164)
877 7
+5 1
-5 1
+5 4
-4 1
+10 2
+7 1
182 1
897 2
182 2
899 2
+1 4
cfn=(168)
calls=1 -88 
* 2440
* 1
-18 2
+3 3
cfi=(50) ./string/../string/strcspn.c
cfn=(166) strcspn
calls=1 32 
* 251
* 1
+1 3
+2 4
cfi=(30)
cfn=(86)
calls=1 219 
* 18
+1 2
+14 9

fl=(44)
fn=(138)
141 55
+5 11
+1 11
+3 9
+1 9
+2 1
+1 1
+1 1
+34 4
+1 4
+2 4
+60 8
+1 8
+12 8
+3 8
+1 8
+12 4
+1 4
+13 4
+1 4
+2 4
+3 3
+3 6
+3 3
+1 3
+1 3
+1 3
+1 3
+1 3
+1 3
-6 83
+1 83
+1 83
+1 83
+1 83
+1 83
+1 83
+3 4
+1 4
+1 4
+1 4
+5 4
+34 2
+2 2
+1 2
+39 2
+1 2
+2 2

fl=(77)
fn=(292) do_lookup_x
348 14832
+1 1854
-1 7416
+6 1854
-6 3708
+7 1854
+41 1854
-30 3708
+30 1854
-30 7416
+14 17520
+8 5840
-4 5840
+1 5840
+3 23360
+1 11680
+3 5840
-3 5840
+4 11680
+7 5840
-3 11680
-2 5840
+5 17520
+3 40880
+99 11991
359 11682
+3 11682
+4 11688
+4 11680
+4 11680
fi=(4)
141 3688
+1 5532
fe=(77)
460 3688
fi=(79) ./elf/../sysdeps/generic/dl-protected.h
29 7376
fe=(77)
467 9688
+16 3524
+1 1762
+1 3688
-78 5700
-1 3800
+2 3800
+2 1894
+6 7576
-6 1894
+6 13258
+7 8490
-10 23365
+3 1851
-1 3702
+1 1851
-1 1851
+2 3702
-1 22212
cfn=(294) check_match
calls=1851 71 
* 170105
+4 5553
+3 16
+82 10
+1 14832
223 164
+2 82
-2 164
+2 82
-2 82
+2 82
-2 82
+2 246
+2 82
-2 246
cfi=(25)
cfn=(92)
calls=82 44 
* 164
+2 82
+1 82
+1 328
+2 162
+1 81
-1 486
+1 81
-1 162
+1 162
-1 243
+1 162
-1 1467
+24 352
+3 95
+1 285
-23 176
-1 352
471 3675
-17 103
+2 2
263 1458
+49 492
-1 164
+19 246
+2 82
-2 328
+2 82
cfi=(25)
cfn=(92)
calls=82 44 
* 164
+2 164
+1 82
-1 82
+1 82
177 518
-2 84
+1 252
-3 332
+7 82
+1 82
+1 82
+1 82
319 328
-59 276
432 1
fi=(29)
44 4
cfi=(28)
cfn=(78)
calls=1 +38 
* 34
* 1
fe=(77)
303 2
+3 1
+2 1
-77 1
+70 1
+6 1
-6 1
+7 1
-7 1
171 12
+1 418
+98 6
cfi=(54)
cfn=(474) _dl_higher_prime_number
calls=2 125 
* 157
fi=(29)
44 2
fe=(77)
270 2
fi=(29)
44 4
cfi=(28)
cfn=(78)
calls=2 +38 
* 68
* 2
fe=(77)
273 4
172 6
280 4
172 6
280 10
+1 276
+1 140
171 70
282 140
171 70
282 70
171 70
+1 70
-1 70
+1 210
+1 440
+2 14
+1 42
-3 168
+7 70
+3 70
-2 70
+99 276
+6 6
-16 4
+16 12
cfi=(28)
cfn=(152)
calls=2 97 
* 8
171 2
289 2
-2 2
+3 4
-1 2
+1 4
171 4
+1 2
-1 2
+1 8
+5 10
437 16587

fn=(288)
756 24102
fi=(78) ./elf/../sysdeps/generic/dl-new-hash.h
74 1854
+3 3708
-8 1854
+1 3708
+10 1854
+1 3708
-1 38066
+1 76132
+20 39002
-2 39002
+6 39002
-3 78004
+2 39002
-30 39002
+3 78004
fe=(77)
758 1854
+1 1854
+3 1854
-4 1854
+1 1854
+7 7382
+3 1854
+2 3708
-2 1854
+6 3708
-7 22248
+7 50
+1 25956
cfn=(292)
calls=1854 348 
* 661665
* 5562
+28 1854
-23 5562
+23 1854
-23 3708
+24 11048
+7 1844
-7 1844
+35 7376
+34 1844
-20 5532
+3 3688
-57 1854
+76 16686
fi=(78)
87 918
+1 918
+1 1836
+1 918
fe=(77)
783 60
+18 30
+54 2

fn=(294)
71 1851
+3 1851
-3 22212
+3 7394
+13 1846
-13 1846
+13 1846
-13 1846
+13 5538
+3 3968
cfi=(33)
cfn=(98)
calls=69 +41 
* 3135
* 138
+4 1846
+1 3692
+2 3678
+19 3678
+1 14712
+2 4
-40 1843
+84 11106
-18 14
+2 14
+1 7
-1 14
+1 21
-1 14
+4 2
+1 7
+2 3
-75 6
+39 5511
cfi=(33)
cfn=(98)
calls=1837 +13 
* 66758
* 3674
-44 20
+5 10

fl=(115)
fn=(534)
117 4
+5 1

fn=(406)
117 28
+5 7

fl=(53)
fn=(178)
32 12
+9 12
+1 24
+1 12
+4 12
+1 12
+1 12
+1 12
+1 12
+2 24
+2 12
+1 12
+3 24
+2 12
+19 12
+1 12

fl=(64)
fn=(212)
26 24
+1 6

fl=(17)
fn=(38)
399 1
+16 1
-16 6
+3 1
+1 1
+1 1
+11 2
+3 6
687 3
+1 1
+3 2
+1 1
+6 1
+1 1
+1 1
+1 2
fi=(20)
+1 1
+2 1
+14 2
846 1
+1 1
-4 1
+39 1
-38 1
+2 1
+2 1
-1 1
+2 1
+34 1
-35 1
+2 1
+33 1
+22 1
-56 1
+2 1
-6 1
+61 1
-56 1
+1 1
+1 1
+1 1
+1 1
+51 1
+26 2
+8 2
-8 1
+8 4
cfi=(11)
cfn=(28)
calls=1 408 
* 20
* 1
+5 2
-3 2
+3 2
cfi=(11)
cfn=(28)
calls=1 408 
* 20
* 1
+2 1
+3 2
-3 2
+3 2
cfi=(11)
cfn=(28)
calls=1 408 
* 20
* 1
+1 5
-56 7
+72 1
-12 6
cfi=(11)
cfn=(28)
calls=1 408 
* 20
+1 2
-1 1
+1 3
+14 2
-8 5
+3 3
-3 1
cfi=(11)
cfn=(28)
calls=1 408 
* 20
+3 4
-3 1
+3 4
cfi=(11)
cfn=(58)
calls=1 158 
* 45
+1 8
cfi=(11)
cfn=(58)
calls=1 158 
* 45
+1 10
cfi=(11)
cfn=(58)
calls=1 158 
* 45
+3 10
cfi=(11)
cfn=(58)
calls=1 158 
* 45
+2 8
cfi=(11)
cfn=(58)
calls=1 158 
* 45
+10 2
fe=(17)
706 1
fi=(20)
981 1
+9 1
fe=(17)
706 1
fi=(20)
987 1
-6 1
+8 1
-1 1
+4 1
fe=(17)
706 1
fi=(20)
990 1
+1 1
fe=(17)
706 1
cfi=(11)
cfn=(28)
calls=1 408 
* 18
+4 3
+37 1
-11 1
+11 1
-20 1
+26 1
+4 1
-10 1
+12 1
-23 1
+11 1
+24 1
-1 1
+1 1
874 8
fi=(20)
+39 11
fe=(17)
717 1
-4 1
+9 1
+53 3
+17 2
fi=(20)
-72 2
cfn=(50)
calls=1 255 
* 778
+1 1
-1 1
+1 1
cfn=(50)
calls=1 255 
* 851
+1 1
-1 1
+1 1
cfn=(50)
calls=1 255 
* 487
+4 1
-4 2
+1 1
+3 1
cfn=(50)
calls=1 255 
* 995
+2 1
-2 1
+2 1
cfn=(50)
calls=1 255 
* 999
+3 1
-2 1
-1 1
+3 1
cfn=(50)
calls=1 255 
* 780
+2 1
-2 1
+2 1
cfn=(50)
calls=1 255 
* 782
+3 1
-2 2
-1 1
+3 1
cfn=(50)
calls=1 255 
* 853
+2 1
-2 1
+2 1
cfn=(50)
calls=1 255 
* 855
+3 1
-2 1
-1 1
+3 1
cfn=(50)
calls=1 255 
* 489
+2 1
-2 1
+2 1
cfn=(50)
calls=1 255 
* 491
+2 1
-2 1
+2 1
cfn=(50)
calls=1 255 
* 998
+2 4
-2 1
+2 1
cfn=(56)
calls=1 476 
* 229
874 1
-6 3
+6 1
-6 1
+6 3
-1 1
-5 6
fe=(17)
424 6
cfn=(40) get_common_indices.constprop.0
calls=1 -99 
* 56
303 3
+1 2
+1 6
+5 2
429 1
cfn=(44) update_active.constprop.0
calls=1 43 
* 110
+2 1
+2 1
701 1
431 2
564 2
+7 2
+2 1
+4 2
+6 2
+2 1
422 2
-3 1
311 6
+5 2
+1 7
433 4
+1 13
+69 1
+10 1

fn=(40)
325 1
+4 4
+3 3
+5 2
-5 1
+5 1
-5 1
+4 1
+1 1
+1 4
+1 4
+1 3
+1 2
+7 2
+2 5
+5 1
-5 1
+5 1
-5 1
+5 1
-5 2
+5 1
+7 1
-7 4
+7 1
fi=(18) ./elf/../sysdeps/unix/sysv/linux/x86/dl-minsigstacksize.h
24 2
+3 2
+54 1
fe=(17)
384 2

fn=(44)
43 7
+4 1
+28 1
+9 1
-27 1
-1 1
-1 1
+25 1
-4 1
-20 1
+20 1
-11 1
+22 1
-32 2
+25 1
-14 1
-10 1
+20 1
+7 1
-18 1
+15 1
+8 1
-14 1
+27 1
-36 1
+18 1
+4 1
-4 1
+5 1
+4 1
+1 1
-19 1
+13 1
+5 2
-27 1
+28 2
+1 1
+7 1
-27 1
+6 1
+14 1
-11 1
+18 1
-7 1
-7 1
+5 1
+3 1
+2 1
-2 1
+3 1
-1 2
+1 2
+3 2
-4 1
+4 1
+8 2
285 3
+4 3
fi=(19)
31 1
-3 1
+3 1
-1 2
fe=(17)
296 1
+1 8
fi=(19)
32 3
+4 3
+3 3
+1 4
+5 1
-7 1
+7 3
+2 1
+1 2
fe=(17)

fl=(46)
fn=(194)
41 6
-1 12
+4 12
+4 6

fn=(160)
117 2

fn=(154)
56 1
+3 2
+4 1
+22 1
+10 1
-32 2
+1 1
+21 2
+5 2
+1 1
+4 1
-4 1
-1 1
+2 1
+3 1
+4 2
+8 2
-50 3
+39 6

fl=(55)
fn=(188)
31 18
-3 18
+3 108
+8 126
+2 6
-2 36
+2 12

fl=(50)
fn=(166)
32 3
+1 3
+1 2
+5 6
+1 4
+1 4
+1 4
+2 1
+3 3
+1 2
-1 6
+1 4
+3 4
+1 4
+1 4
+1 4
+2 3
+6 1
-1 1
+1 1
+2 2
-1 2
+2 1
+2 6
-5 12
-1 12
+1 12
+2 24
-1 24
+2 12
+2 72
+2 1
+1 3
+1 1
-1 1
+1 2

fl=(74)
fn=(258)
392 5
+4 5
-2 2
+4 42
cfn=(260) _dl_check_map_versions
calls=7 155 
* 21261
-2 7
+2 21
-1 7
-1 14
+5 7

fn=(260)
155 49
+15 7
-15 7
+15 14
+2 28
+2 7
+1 7
+2 14
+3 10
-16 10
+20 5
-28 5
+24 5
+4 30
+16 10
36 5
200 5
36 30
200 12
36 6
200 6
36 36
+1 47
-1 94
+2 174
cfi=(54)
cfn=(184)
calls=58 +30 
* 6156
* 116
204 22
+4 33
+5 11
fi=(212) ./elf/../sysdeps/generic/_itoa.h
76 33
fe=(74)
213 22
+4 22
+1 22
-1 11
+4 11
-3 11
+3 11
-3 33
-1 64
+1 64
-1 32
+4 32
-3 32
+3 32
-3 146
56 172
+8 129
+6 129
+16 43
+1 86
+2 43
+5 387
+14 1342
+12 1884
+4 628
-30 1256
231 172
+3 129
+5 32
-24 32
110 43
+3 172
cfi=(33)
cfn=(98)
calls=43 +18 
* 1730
* 129
224 172
+1 3
cfi=(33)
cfn=(98)
calls=1 -94 
* 57
* 2
+3 24
+15 33
+5 6
-50 6
+59 25
+3 10
+3 35
+3 15
+4 118
-7 472
+3 359
+8 15
+6 12
fi=(29)
44 6
fe=(74)
280 12
fi=(29)
44 6
cfi=(28)
cfn=(78)
calls=6 +38 
* 231
fe=(74)
281 12
-2 6
fi=(29)
44 6
fe=(74)
281 6
+13 6
-3 6
+3 24
+2 12
+3 20
+4 33
+18 32
-15 32
+2 32
-2 32
+2 32
-2 32
+2 64
-2 11
+2 11
-2 11
+2 11
-2 11
+2 22
+2 43
+1 43
-1 129
+1 43
+1 43
-2 43
+2 86
+1 129
+3 129
+8 33
+5 6
-28 6
+33 10
+3 10
+20 118
-14 246
-2 118
+6 118
+1 118
+1 118
-1 354
+1 118
-1 118
+1 118
+1 118
+3 369
+12 10
+1 10
+1 10
+1 4
+19 63
164 2
-8 2
257 5
+17 3
+60 2
-40 2
+76 4
+2 4
+4 2
-4 104
+1 52
+2 1
+1 2
-1 1
+1 1
cfi=(33)
cfn=(262)
calls=1 125 
* 31
* 2

fl=(25)
fn=(92)
44 356

fn=(72)
51 2
+3 8
+5 1
-5 1
+5 1
+1 1
-6 1
+8 1

fn=(276)
66 1
fi=(213) ./elf/../include/list.h
-22 1
fe=(25)
+22 1
fi=(213)
-23 1
fe=(25)
+24 1
+3 1
fi=(213)
-27 1
+1 1
+1 1
+2 1
fe=(25)
+26 4
+1 2
+1 1
+5 2
+5 1
+6 1
-3 1
+3 1
-6 3
+6 1
+13 3
fi=(75) ./elf/../sysdeps/unix/sysv/linux/rseq-internal.h
-41 1
fe=(25)
+41 1
cfi=(11)
cfn=(28)
calls=1 408 
* 19
fi=(75)
-63 3
+9 4
+8 1
+1 1
+1 1
+1 1
+2 5
+2 2
+5 1
fe=(25)
+45 1
+7 1
-7 1
+7 1
+1 3

fl=(143)
fn=(522)
46 602
+2 430
+1 86
+6 86
fi=(214) ./elf/../sysdeps/x86_64/dl-runtime.h
-27 86
fe=(143)
+21 86
+5 86
+1 86
-6 86
+6 172
+1 86
+2 86
-2 86
+2 86
-2 430
+7 172
+4 172
+4 258
+4 258
+1 344
+1 258
+8 86
-1 86
+1 172
+10 860
cfi=(77)
cfn=(288)
calls=86 756 
* 62012
* 86
+4 430
+10 860
+15 344
+9 258
+26 258
fi=(5)
+61 86
fe=(143)
-57 516
-1 172
fi=(188) ./elf/../sysdeps/x86_64/dl-irel.h
32 3
cob=(3)
cfi=(87)
cfn=(314)
calls=1 +22 
* 17
cob=(3)
cfi=(102)
cfn=(354)
calls=1 +2 
* 7
cob=(3)
cfi=(85)
cfn=(310)
calls=1 +16 
* 13
fe=(143)
+93 6

fl=(9)
fn=(528)
148 1

fn=(16)
102 3
+1 1
+3 2
cfn=(18) _dl_sysdep_parse_arguments
calls=1 -28 
* 470
+4 2
cfi=(11)
cfn=(22)
calls=1 282 
* 32577
+3 1
cfi=(13)
cfn=(26) _dl_sort_maps_init
calls=1 295 
* 30
+2 2
cfi=(14)
cfn=(30)
calls=1 -91 
* 7
fi=(5)
+91 1
cfi=(16)
cfn=(36)
calls=1 39 
* 10458
fe=(9)
-84 3
+1 1
cfi=(23)
cfn=(66)
calls=1 -22 
* 32
* 1
+2 2
cfi=(24)
cfn=(68)
calls=1 -88 
* 14
* 3
+12 3
+3 5
cfi=(2)
cfn=(70)
calls=1 1359 
* 1684153
+3 4

fn=(18)
78 1
+2 1
-2 4
+1 1
+1 1
-1 1
+2 2
+2 1
-2 1
+2 2
-1 1
+1 2
-1 60
+1 120
+7 2
-4 1
+4 54
fi=(10) ./elf/../sysdeps/unix/sysv/linux/dl-parse_auxv.h
-49 1
-9 1
fe=(9)
+54 1
fi=(10)
-54 1
+1 1
+1 1
+7 3
+1 44
+1 44
-2 89
fe=(9)
+52 1
+1 1
+1 1
fi=(10)
-49 1
+1 2
+1 1
+1 1
+1 1
+1 1
+1 1
+2 1
-5 1
-2 1
+1 1
+2 1
+1 1
+3 1
-9 1
+1 1
+6 1
fe=(9)
+42 1
-1 1
+2 1
+1 5

fl=(13)
fn=(26)
295 1
+1 4
cfi=(11)
cfn=(28)
calls=1 408 
* 19
+2 3
-1 1
+2 2

fn=(250)
304 11
+8 1
-8 1
+8 2
+4 8
216 1
-28 1
-2 1
+1 2
+29 1
-28 4
+1 1
-1 1
+1 1
-1 2
+1 6
-1 6
+1 6
-1 12
+28 1
+8 1
-1 1
+1 1
-8 5
+8 2
-8 1
+8 1
-3 2
+5 19
+2 7
-83 32
cfn=(252) dfs_traversal.part.0
calls=6 -5 
* 271
+86 21
+18 4
+13 1
+54 1
-47 4
cfi=(30)
cfn=(86)
calls=1 -50 
* 18
+13 4

fn=(252)
140 48
+10 6
-2 6
+2 12
+2 16
-7 22
+7 44
+9 12
+15 18
+1 6
+1 39
cfn=(253) dfs_traversal.part.0'2
calls=1 -38 
* 40
* 2

fn=(253)
140 8
+10 1
-2 1
+2 2
+2 4
-7 4
+7 8
+9 2
+15 3
+1 1
+1 6

fl=(41)
fn=(122)
25 45
+1 45
+4 36
+4 48
+1 12
-1 24
+2 24
+5 27
cfi=(42)
cfn=(124)
calls=9 -8 
* 207
+4 18
-3 18
+1 6
+3 6
+1 42
-20 6
+20 18
-4 6
cfi=(23)
cfn=(66)
calls=3 +58 
* 48
* 3
+3 3
-3 6

fn=(120)
51 24
+3 16
cfn=(122)
calls=8 -29 
* 229
* 12
cfn=(122)
calls=6 -29 
* 408
* 28
+2 9
+1 27
+1 30
cfn=(126) _dl_hwcaps_contains
calls=3 +9 
* 12
* 6
+4 16

fn=(126)
67 6
+1 3
+9 3

fl=(54)
fn=(230)
36 1
+3 1
-3 5
+3 1
-3 2
+3 1
cfi=(55)
cfn=(188)
calls=1 -8 
* 16
+1 2
+23 7
-21 4
cfi=(58)
cfn=(198)
calls=1 -13 
* 13
* 2
+2 2
+3 2
+13 2
cfi=(64)
cfn=(212)
calls=1 -34 
* 5
* 1
-11 6
cfi=(60)
cfn=(202)
calls=1 -2 
* 8
* 2

fn=(474)
125 2
-1 2
+3 2
+2 80
+1 30
-1 7
-2 24
+18 2
+1 2
-15 6

fn=(184)
68 535
+1 214
cfi=(33)
cfn=(98)
calls=107 +62 
* 3798
* 214
+3 107
+2 214
+6 104
-6 208
+1 366
cfi=(33)
cfn=(98)
calls=122 +56 
* 5200
* 244
+8 18
-13 18
+13 143
-1 89
+1 267

fl=(59)
fn=(200)
154 15
-55 30
+70 37
+1 7
-2 16
+1 16

ob=(6)
fl=(163)
fn=(620)
0 12

ob=(3)
fl=(84)
fn=(346)
36 5
fi=(215) ./string/../sysdeps/x86_64/multiarch/strcspn.c
-7 1
fe=(84)

fn=(308)
36 5
fi=(216) ./string/../sysdeps/x86_64/multiarch/strpbrk.c
-7 1
fe=(84)

fn=(394)
36 5
fi=(217) ./string/../sysdeps/x86_64/multiarch/strspn.c
-7 1
fe=(84)

fl=(166) ./string/../sysdeps/x86_64/multiarch/strrchr-sse2.S
fn=(632) __strrchr_sse2
46 1
+1 1
+1 1
+2 1
+1 1
+2 1
+1 1
+1 1
+3 1
+1 1
+1 1
+1 1
+1 1
+1 1
+2 1
+1 1
+1 1
+1 1
+1 1
+1 1
+1 1
+1 1
+8 1

fl=(176) ./locale/./locale/newlocale.c
fn=(1132) newlocale
43 13
+12 2
277 12
63 2
+3 1
-10 1
+10 2
+7 3
+2 1
-2 1

fl=(112)
fn=(400)
38 5
-1 2
fi=(114) ./string/../sysdeps/x86_64/multiarch/rawmemchr.c
-6 1
fe=(112)

fn=(390)
38 5
-1 2
fi=(113) ./string/../sysdeps/x86_64/multiarch/memchr.c
-8 1
fe=(112)

fl=(184) ./iconv/./iconv/gconv_simple.c
fn=(1230) __gconv_btwoc_ascii
51 512
+3 128

fl=(192) ./setjmp/../sysdeps/x86_64/setjmp.S
fn=(1600) __sigsetjmp
32 1
+9 1
+1 2
+1 1
+4 1
+1 1
+1 1
+1 1
+1 1
+2 2
+2 1
+1 1
+3 2
+2 1
+23 1
cfi=(193) ./setjmp/./setjmp/sigjmp.c
cfn=(1602) __sigjmp_save
calls=1 -56 
* 8

fl=(160) ./gmon/../sysdeps/unix/sysv/linux/prof-freq.c
fn=(602) __profile_frequency
27 2
+1 1

fl=(138) ./ctype/./ctype/ctype-info.c
fn=(506) __ctype_init
31 7
+2 4
+2 4
+1 1

fl=(165) ./misc/./misc/init-misc.c
fn=(628) __init_misc
31 2
-1 4
+1 3
+2 3
cfi=(166)
cfn=(632)
calls=1 +13 
* 23
* 1
+4 5
+1 3
+2 4

fl=(89)
fn=(320)
40 10
-2 4
fi=(90) ./wcsmbs/../sysdeps/x86_64/multiarch/wcschr.c
-7 4
fe=(89)

fn=(330)
40 5
-2 2
fi=(93) ./wcsmbs/../sysdeps/x86_64/multiarch/wcscmp.c
-8 2
fe=(89)

fl=(161) ./time/../sysdeps/unix/sysv/linux/setitimer.c
fn=(604) setitimer
31 4
+29 1

fl=(183) ./elf/./elf/dl-profstub.c
fn=(1228) _dl_mcount_wrapper_check
37 128
-1 128
+1 256
+2 128

fl=(181) ./wcsmbs/./wcsmbs/wctob.c
fn=(1220) wctob
30 896
+9 384
+6 128
-1 256
+37 1024

fl=(206) ./misc/../sysdeps/unix/sysv/linux/mmap64.c
fn=(1740) mmap
47 3
+3 6
+8 12
+2 3

fl=(185) ./wctype/./wctype/wctype_l.c
fn=(1242) wctype_l
26 60
+7 10
-7 30
+3 10
cfi=(186) ./string/../sysdeps/x86_64/multiarch/strlen-sse2.S
cfn=(1246) __strlen_sse2
calls=10 +72 
* 160
* 10
+3 10
-3 10
+3 10
+1 10
+7 48
+1 96
-8 48
+2 96
cfi=(186)
cfn=(1246)
calls=48 +66 
* 768
* 48
* 20
cfi=(186)
cfn=(1246)
calls=10 +66 
* 160
* 10
* 58
+2 312
cfi=(187) ./string/../sysdeps/x86_64/multiarch/memcmp-sse2.S
cfn=(1250) __memcmp_sse2
calls=49 +34 
* 1038
* 49
* 98
+8 10
+1 10
+1 80

fl=(187)
fn=(1250)
71 50
+1 50
+22 49
+1 49
+2 49
+1 49
+13 49
+1 49
+1 49
+1 49
+1 49
+1 49
+1 49
+1 49
+2 49
+1 49
+1 10
+1 10
+74 39
+1 39
+1 39
+1 39
+1 39
+1 39
+53 1
+2 1
+1 1
+1 1
+1 1
+1 1
+1 1
+7 1
+2 1
+70 1
+1 1
+1 1
+1 1
+1 1
+1 1
+2 1
+1 1
+2 1
+1 1
+39 1
+1 1
+1 1
+1 1
+1 1
+1 1
+1 1
+1 1
+1 1
+8 1
+1 1
+71 1
+1 1
+1 1
+1 2
+3 1
+1 1
+2 1
+1 1
+2 1
+1 1
+2 1
+1 1
+2 1
+1 1
+1 1
+2 1
+1 1
+1 1
-18 2
+1 2
+2 2
+1 2
+2 2
+1 2
+2 2
+1 2
+2 2
+1 2
+1 2
+2 2
+1 2
+1 2
+2 3
+1 3
+1 3
+1 3
+2 1
+2 1
+4 1
+1 1

fl=(197) ./libio/./libio/genops.c
fn=(1692) __overflow
199 6
+2 9
+2 3
fi=(201) ./libio/./libio/libioP.h
940 9
+2 6
+1 6
fe=(197)
203 3
+1 6
-1 3
cfi=(196) ./libio/./libio/fileops.c
cfn=(1640) _IO_file_overflow@@GLIBC_2.2.5
calls=3 731 
* 452

fn=(1642) _IO_doallocbuf
344 2
-1 3
+3 4
+1 1
fi=(201)
940 3
+2 2
+1 2
fe=(197)
347 2
cfi=(198) ./libio/./libio/filedoalloc.c
cfn=(1644) _IO_file_doallocate
calls=1 78 
* 265
* 2
+3 4

fn=(1658) _IO_default_xsputn
371 9
+3 2
fi=(201)
940 7
fe=(197)
399 95
fi=(201)
942 62
+1 62
fe=(197)
399 124
cfi=(196)
cfn=(1640)
calls=31 731 
* 1023
* 62
+2 31
-2 31
-20 128
-4 1
+29 8

fn=(1654) _IO_setb
329 9
+1 4
+5 2
-3 1
+3 2
-2 1
+2 2
+3 6

fl=(203) ./io/../sysdeps/unix/sysv/linux/write.c
fn=(1700) write
26 20
+1 3

fl=(87)
fn=(314)
54 10
+3 6
+7 4
+9 4
+30 8
fi=(218) ./string/../sysdeps/x86_64/multiarch/memset.c
-74 2
fe=(87)

fl=(155) ./string/../sysdeps/x86_64/multiarch/memset-vec-unaligned-erms.S
fn=(588) __memset_sse2_unaligned
141 40
+5 8
+1 8
+3 8
+1 8
252 8
+1 8
+12 8
+3 8
+1 8
+12 8
+1 8
+13 8
+1 8
+2 8
+3 8
+3 16
+3 8
+1 8
+1 8
+1 8
+1 8
+1 8
+1 8
-6 172481
+1 172481
+1 172481
+1 172481
+1 172481
+1 172481
+1 172481
+3 8
+1 8
+1 8
+1 8
+5 8

fl=(150) ./stdlib/../sysdeps/unix/sysv/linux/getrandom.c
fn=(566) getrandom
29 6
+1 1

fl=(174) ./nptl/./nptl/pthread_once.c
fn=(1116) __pthread_once_slow
68 9
+8 1
+4 2
+52 9
-44 2
+4 2
+9 2
+13 13
cfi=(175) ./nptl/./nptl/cleanup_compat.c
cfn=(1118) _pthread_cleanup_push@@GLIBC_2.34
calls=1 -86 
* 6
+2 1
cob=(8)
cfi=(170)
cfn=(1120) 0x00000000000b9b20
calls=1 0 
* 1804
+2 3
cfi=(175)
cfn=(1134) _pthread_cleanup_pop@@GLIBC_2.34
calls=1 -75 
* 5
fi=(177) ./nptl/../sysdeps/nptl/futex-internal.h
+91 3
fe=(174)
-85 1
fi=(177)
+85 6
fe=(174)

fn=(1114) pthread_once@@GLIBC_2.34
139 14
+1 28
+4 26
-1 1
cfn=(1116)
calls=1 -75 
* 1869

fl=(94)
fn=(334)
35 5
fi=(95) ./string/../sysdeps/x86_64/multiarch/stpncpy.c
-4 1
fe=(94)

fn=(378)
35 5
fi=(109) ./string/../sysdeps/x86_64/multiarch/strncpy.c
-6 1
fe=(94)

fl=(156) ./gmon/../sysdeps/posix/profil.c
fn=(1138) __profil_counter
42 15
+5 10
-5 5
+5 25
+2 10
fi=(178) ./gmon/../sysdeps/unix/sysv/linux/profil-counter.h
-17 5
fe=(156)

fn=(594) profil
66 6
+12 3
-3 6
+13 2
+16 1
+5 1
+8 2
-13 1
-1 1
+1 1
+13 1
-12 1
+1 1
+3 1
+6 1
fi=(219) ./gmon/../sysdeps/unix/sysv/linux/sigsetops.h
-53 1
fe=(156)
+55 1
cfi=(157) ./signal/./signal/sigaction.c
cfn=(596) sigaction
calls=1 -90 
* 80
* 2
+3 1
+1 1
cfi=(160)
cfn=(602)
calls=1 -94 
* 3
* 1
+2 2
-2 3
+2 1
-2 2
+1 2
+1 1
cfi=(161)
cfn=(604)
calls=1 -92 
* 5
+1 12

fl=(101)
fn=(386)
38 2
+1 1
-1 2
+16 4
fi=(220) ./string/../sysdeps/x86_64/multiarch/stpcpy.c
-21 1
fe=(101)

fn=(350)
38 2
+1 1
-1 2
+16 4
fi=(221) ./string/../sysdeps/x86_64/multiarch/strcat.c
-25 1
fe=(101)

fn=(370)
38 2
+1 1
-1 2
+16 4
fi=(222) ./string/../sysdeps/x86_64/multiarch/strcpy.c
-25 1
fe=(101)

fl=(85)
fn=(310)
48 4
+1 2
-1 4
-1 4
+17 6
+3 4
+12 2

fl=(86)
fn=(316)
41 4
-1 2
+17 4
fi=(223) ./wcsmbs/../sysdeps/x86_64/multiarch/wcslen.c
-28 1
fe=(86)

fn=(312)
41 4
-1 2
+17 4
fi=(224) ./wcsmbs/../sysdeps/x86_64/multiarch/wcsnlen.c
-27 1
fe=(86)

fl=(164)
fn=(626)
46 3
+5 2
+4 5
+8 1
-2 1
+10 1
-9 1
+1 1
+9 2
-1 1
cfi=(165)
cfn=(628)
calls=1 -40 
* 48

fl=(190) ./csu/../sysdeps/nptl/libc_start_call_main.h
fn=(1596) (below main)
29 2
+15 1
-15 5
+15 1
cfi=(191) ./setjmp/../sysdeps/x86_64/bsd-_setjmp.S
cfn=(1598) _setjmp
calls=1 -14 
* 28
+2 2
+5 2
+1 2
+3 2
+3 6
cob=(5)
cfi=(146)
cfn=(1604) main
calls=1 -58 
* 1224628

fl=(173) ./gmon/./gmon/mcount.c
fn=(1062) __mcount_internal
76 68
+9 17
+1 34
+11 14
+4 14
-4 14
+4 28
+6 14
-5 14
+1 28
+16 2
+1 2
+14 3
+7 2
+1 1
-1 1
+1 1
+3 2
+1 1
+1 1
+1 2
+1 1
+24 1
+1 1
-1 3
+1 3
-67 26
+1 13
-1 13
+1 13
+4 13
+1 26
+1 13
+1 13
+1 13
+57 13
+1 13

fl=(207) ./stdlib/./stdlib/rand.c
fn=(1754) rand
26 1
+1 1
cfi=(208) ./stdlib/./stdlib/random.c
cfn=(1756) random
calls=1 288 
* 48
+1 2

fl=(148) ./malloc/./malloc/malloc.c
fn=(570) tcache_init.part.0
3229 3
+9 8
+1 3
cfn=(572) _int_malloc
calls=1 1338 
* 346
* 1
+1 2
+8 4
+9 1
+1 2
-1 1
+1 86
+3 4

fn=(574) sysmalloc
2542 36
+20 16
+11 8
+1 8
-11 1
+37 1
+11 1
-10 3
+1 1
+9 4
+6 3
+3 3
2935 2
+1 1
+5 2
+3 2
+5 2
-2 1
+2 1
-1 1
+1 1
-3 1
+3 1
+1 1
-1 3
+1 1
+2 1
+6 44
2575 9
+4 9
+9 12
cfn=(1738) sysmalloc_mmap.constprop.0
calls=3 2414 
* 186
+1 6
+92 2
+9 4
+13 3
+8 5
+8 2
+39 2
+2 3
+6 2
-45 4
cfi=(151) ./malloc/./malloc/morecore.c
cfn=(576) __glibc_morecore
calls=1 26 
* 53
+1 2
-1 1
+1 1
2022 1
2723 1
2022 4
2604 2
2769 4
+40 3
+22 2
+1 1
-1 1
+1 6
+2 2
+1 4
cfi=(151)
cfn=(576)
calls=1 26 
* 25
+12 3
-12 1
+12 1
2022 4
2891 4
-1 1
-1 1
+1 3
+1 1
+11 2
2759 2
2034 3

fn=(572)
1338 22
3766 88
1357 11
3766 11
1357 33
3807 22
+27 22
+63 22
+62 151
+1 30
+20 11
-1 11
-1 11
+1 22
+1 42
+4 10
+6 40
-6 1
+6 4
-90 1
+2 1
-2 1
+2 2
-61 3
4409 99
4179 22
+2 20
+3 10
-3 10
+3 20
+68 11
+1 11
+1 11
-1 11
+1 11
+1 22
+1 33
+5 22
3899 3
4140 22
4268 20
-3 48
4365 11
+1 22
+2 22
+3 37
+17 12
+17 44
cfn=(584) alloc_perturb
calls=11 1999 
* 44
* 22
-2 12
cfn=(574)
calls=4 2542 
* 538
* 4
+1 8
-28 7
-2 7
+2 7
-1 7
+1 7
-3 7
+8 7
-5 7
+2 7
-2 28
+2 7
+4 7

fn=(584)
1999 33
+2 11

fn=(902) malloc
3281 45
+7 18
1338 18
+19 45
3298 18
+2 36
+3 18
+10 18
+28 45
-36 6
+10 36
cfn=(572)
calls=9 1338 
* 1393
+1 45
fi=(149) ./malloc/./malloc/arena.c
162 12
fe=(148)

fn=(560) calloc
3619 1
+10 1
-10 4
+10 8
+8 2
+3 3
+2 2
+34 4
fi=(149)
162 2
fe=(148)
3652 1
+1 1
+21 2
-21 2
+21 1
cfn=(572)
calls=1 1338 
* 120
+2 2
+40 1
-12 1
+12 7
+11 1
+2 2
+2 2
fi=(149)
315 1
cfn=(564) ptmalloc_init.part.0
calls=1 -2 
* 1102
* 1
fe=(148)
3676 3
+3 2
+78 1
-25 2
+25 4
-25 1
cfi=(155)
cfn=(588)
calls=1 141 
* 1644
* 1
3235 4
cfn=(570)
calls=1 -6 
* 461
* 1

fn=(1738)
2414 9
+13 9
+5 6
+3 27
cfi=(206)
cfn=(1740)
calls=3 47 
* 24
* 3
+3 6
+4 6
+18 9
+19 3
-1 3
+5 3
-4 6
+4 6
+1 15
+3 9
+1 15
+5 15
2022 12

fl=(208)
fn=(1756)
288 1
+3 1
-3 3
+3 2
+2 3
cfi=(209) ./stdlib/./stdlib/random_r.c
cfn=(1758) random_r
calls=1 +64 
* 28
+2 4
+2 1
+1 5

fl=(159) ./signal/../sysdeps/unix/sysv/linux/libc_sigaction.c
fn=(600) __libc_sigaction
43 5
+5 2
+2 1
+1 1
+7 1
-7 4
-1 1
+1 3
+2 1
-2 2
+7 1
-7 1
+2 1
-2 1
+2 3
+5 3
-7 4
+7 6
+5 4
+2 1
+1 4
-1 1
+2 1
-1 6
+1 1
+1 1
-2 2
+2 1
-2 4
+5 6

fl=(193)
fn=(1602)
28 2
+2 2
-1 1
+5 3

fl=(100)
fn=(348)
38 5
+6 1

fl=(153) ./misc/../sysdeps/unix/sysv/linux/brk_call.h
fn=(580) brk
24 4
fi=(154) ./misc/../sysdeps/unix/sysv/linux/brk.c
+13 4
+1 4
+6 2
+1 2
fe=(153)

fl=(204) ./libio/./libio/iofflush.c
fn=(1714) fflush
33 6
-1 12
+7 39
+1 3
fi=(201)
940 9
+2 6
+1 6
fe=(204)
40 6
cfi=(196)
cfn=(1716) _IO_file_sync@@GLIBC_2.2.5
calls=3 792 
* 51
fi=(201)
883 6
+1 30
fe=(204)
40 6
+4 12

fl=(80)
fn=(300)
61 1
+3 3
+2 1
+1 1
-1 2
+7 3
+2 1
+1 1
-1 2
+5 2
+2 2
+1 2
+1 2
+2 2
fi=(81) ./string/../sysdeps/x86/cacheinfo.c
* 2
fe=(80)

fl=(88)
fn=(318)
57 3
-1 2
+4 3
+14 2
+29 2
+10 4
fi=(225) ./string/../sysdeps/x86_64/multiarch/memcpy.c
-84 1
fe=(88)
+79 3

fn=(388)
57 3
-1 2
+4 3
+14 2
+29 2
+10 4
fi=(226) ./string/../sysdeps/x86_64/multiarch/memmove.c
-84 1
fe=(88)
+79 3

fn=(396)
57 3
-1 2
+4 3
+14 2
+29 2
+10 4
fi=(227) ./string/../sysdeps/x86_64/multiarch/mempcpy.c
-80 1
fe=(88)
+75 3

fl=(104)
fn=(358)
36 10
fi=(105) ./wcsmbs/../sysdeps/x86_64/multiarch/wmemset.c
-5 2
fe=(104)

fl=(189) ./string/../sysdeps/x86_64/multiarch/strcmp-sse4_2.S
fn=(1506) __strcmp_sse42
144 8
+1 8
+2 8
+1 8
+21 8
+1 8
+1 8
+1 8
+1 8
+1 8
+18 8
+1 8
+1 8
+1 8
+1 8
+1 8
+1 8
1706 8
+6 8
+1 8
+8 8
+1 8

fl=(110)
fn=(382)
34 5
fi=(111) ./wcsmbs/../sysdeps/x86_64/multiarch/wmemcmp.c
-5 2
fe=(110)

fl=(139) ./resource/../sysdeps/unix/sysv/linux/getrlimit64.c
fn=(508) getrlimit
38 1
+1 7
+1 1

fl=(157)
fn=(596)
27 3
fi=(158) ./signal/../sysdeps/unix/sysv/linux/internal-signals.h
+26 1
fe=(157)
-26 2
+6 1
cfi=(159)
cfn=(600)
calls=1 +10 
* 73

fl=(196)
fn=(1638) _IO_file_xsputn@@GLIBC_2.2.5
1204 3
-1 6
-6 30
+13 3
+2 3
-2 9
+17 3
+1 2
+5 2
+2 2
+2 6
-2 2
cfi=(205) ./string/../sysdeps/x86_64/multiarch/memmove-vec-unaligned-erms.S
cfn=(1722) __mempcpy_sse2_unaligned
calls=2 206 
* 26
* 2
+1 2
+1 2
-2 2
+4 4
+27 4
+1 24
-55 2
+4 2
-4 2
+1 4
+3 60
+2 84
-19 1
+44 1
fi=(201)
940 3
+2 2
+1 2
fe=(196)
1243 3
cfn=(1640)
calls=1 731 
* 345
* 2
+6 2
+1 4
+2 1
-2 1
+2 2
+11 2
+1 4
cfi=(197)
cfn=(1658)
calls=1 371 
* 1645
+2 3

fn=(1698) _IO_file_write@@GLIBC_2.2.5
1173 18
+2 12
-1 6
+6 3
cfi=(203)
cfn=(1700)
calls=3 26 
* 23
+1 6
+5 3
+1 3
-12 6
+4 9
+1 6
+10 9
+3 18
-4 9

fn=(1716)
792 12
+5 12
+2 3
+1 6
+11 6
+4 12

fn=(1656) _IO_do_write@@GLIBC_2.2.5
425 9
+1 1
-3 6
+2 3
cfn=(1694) new_do_write
calls=3 +6 
* 299
* 3
+1 3
-1 9
+1 3

fn=(1694)
431 3
fi=(201)
940 3
+2 3
fe=(196)
431 3
fi=(201)
940 3
fe=(196)
431 6
fi=(201)
940 3
fe=(196)
431 18
+12 3
-10 6
fi=(201)
942 6
+1 6
fe=(196)
448 12
cfn=(1698)
calls=3 1173 
* 131
+1 3
-1 3
+1 12
+2 3
+4 6
-3 6
-1 6
+4 6
-2 3
+4 27
-17 12
+14 6

fn=(1640)
731 105
+1 35
-1 35
+1 70
+7 208
+37 34
-2 68
+3 68
+3 102
+1 102
+1 136
+4 34
+1 136
-45 2
+12 2
+9 3
+5 3
+2 2
-5 1
+5 1
+1 1
-5 1
+1 1
+4 4
+1 1
+2 2
+2 1
-1 1
+12 3
-11 1
-1 1
cfn=(1656)
calls=1 425 
* 4
+9 6
-1 3
+1 3
-1 3
cfn=(1656)
calls=3 425 
* 332
* 6
-39 2
cfi=(197)
cfn=(1642)
calls=1 344 
* 290
+1 1
+9 1
-9 5

fn=(1646) _IO_file_stat
1147 2
cfi=(199) ./io/../sysdeps/unix/sysv/linux/fstat64.c
cfn=(1648) fstat
calls=1 29 
* 13

fl=(200) ./io/../sysdeps/unix/sysv/linux/fstatat64.c
fn=(1650) fstatat
154 1
-55 2
+70 3
+1 1

fl=(96)
fn=(338)
38 10
-1 4
fi=(97) ./wcsmbs/../sysdeps/x86_64/multiarch/wmemchr.c
-6 2
fe=(96)

fl=(151)
fn=(576)
26 4
-1 2
+4 2
cfi=(152) ./misc/./misc/sbrk.c
cfn=(578) sbrk
calls=2 +8 
* 62
+1 4
+4 4

fl=(147) ./gmon/./gmon/gmon.c
fn=(554) monstartup
137 2
-15 1
+22 1
-22 1
+22 1
-22 2
+23 2
+1 2
-24 1
+27 5
+11 1
+1 2
+2 2
+4 2
-23 1
+1 1
+1 1
+3 1
+1 1
+7 1
+2 1
+3 1
+3 1
+2 1
cfi=(148)
cfn=(560)
calls=1 3619 
* 3398
cob=(1)
cfi=(142)
cfn=(520)
calls=1 -91 
* 698
* 5
+1 2
+8 1
+7 1
-8 1
+2 1
+7 1
-6 1
+3 1
+21 1
-24 1
+6 2
+3 10
+18 1
-1 1
+1 4
-1 1
cfn=(592) moncontrol
calls=1 97 
* 162
-44 4
+5 3

fn=(592)
97 1
+4 6
+3 5
cfi=(156)
cfn=(594)
calls=1 -38 
* 147
+1 1
+10 2

fl=(175)
fn=(1134)
43 2
+4 2
+2 1

fn=(1118)
28 1
+1 1
+1 2
+2 1
+1 1

fl=(149)
fn=(564)
313 1
fi=(148)
3156 3
fe=(149)
313 5
+5 1
fi=(148)
3156 2
cfi=(150)
cfn=(566)
calls=1 29 
* 7
* 2
fe=(149)
343 2
+4 3
fi=(148)
1960 4
+3 1
-3 1
+3 2
-3 2
+3 126
-3 126
+3 252
-3 252
fe=(149)
352 3
fi=(148)
1971 1
+1 1
+2 1
fe=(149)
352 1
cob=(1)
cfi=(11)
cfn=(28)
calls=1 +56 
* 20
* 1
+1 4
cob=(1)
cfi=(11)
cfn=(28)
calls=1 +55 
* 19
* 1
+1 4
cob=(1)
cfi=(11)
cfn=(28)
calls=1 +54 
* 20
* 1
+1 4
cob=(1)
cfi=(11)
cfn=(28)
calls=1 +53 
* 20
* 1
+1 4
cob=(1)
cfi=(11)
cfn=(28)
calls=1 +52 
* 19
* 1
+1 4
cob=(1)
cfi=(11)
cfn=(28)
calls=1 +51 
* 20
* 1
+1 4
cob=(1)
cfi=(11)
cfn=(28)
calls=1 +50 
* 20
* 1
+2 4
cob=(1)
cfi=(11)
cfn=(28)
calls=1 +48 
* 20
* 1
+1 4
cob=(1)
cfi=(11)
cfn=(28)
calls=1 +47 
* 20
* 1
+1 4
cob=(1)
cfi=(11)
cfn=(28)
calls=1 +46 
* 20
* 1
+3 4
cob=(1)
cfi=(11)
cfn=(28)
calls=1 +43 
* 20
* 1
+1 4
cob=(1)
cfi=(11)
cfn=(28)
calls=1 +42 
* 20
* 1
+1 2
+63 7

fl=(182) ./wcsmbs/./wcsmbs/btowc.c
fn=(1226) btowc
32 256
+5 256
-5 1536
+5 1536
+5 512
+56 1024
-52 384
fi=(228) ./wcsmbs/./wcsmbsload.h
+23 128
+1 384
fe=(182)
-23 128
+2 128
-2 128
+2 128
+5 512
+3 256
cfi=(183)
cfn=(1228)
calls=128 -20 
* 640
* 512
+41 128
-41 256
+41 384
-41 128
cfi=(184)
cfn=(1230)
calls=128 -6 
* 640

fl=(202) ./libio/./libio/putc.c
fn=(1690) putc
25 18
+3 6
+1 12
+5 3
-5 6
+5 9
-5 3
cfi=(197)
cfn=(1692)
calls=3 199 
* 503

fl=(91)
fn=(324)
43 2
+1 1
-1 2
-1 2
+17 4
+6 1

fl=(98)
fn=(342)
44 4
-1 2
+17 3
+1 3
+6 2

fl=(198)
fn=(1644)
78 8
+6 4
fi=(201)
940 3
+2 2
+1 2
fe=(198)
84 3
cfi=(196)
cfn=(1646)
calls=1 1147 
* 15
* 2
+2 4
+11 4
+4 2
cob=(2)
cfi=(51)
cfn=(1652) 0x0000000004aa7368
calls=1 0 
* 161
* 1
+1 2
+2 4
cfi=(197)
cfn=(1654)
calls=1 329 
* 27
+1 1
+1 8
-15 1
fi=(229) ./libio/../include/sys/sysmacros.h
-44 6
fe=(198)
+44 1
-2 2
+5 2

fl=(162) ./stdlib/./stdlib/cxa_atexit.c
fn=(612) __cxa_atexit
70 26
cfn=(614) __internal_atexit
calls=13 -34 
* 932

fn=(616) __new_exitfn
88 26
-6 52
+11 13
-10 13
+10 52
+2 26
+1 60
-1 26
-2 1
+10 1
-10 3
+13 24
+25 12
+1 24
-1 24
+7 12
+5 12
-4 12
+4 48
-5 1
+5 1
-4 1
+4 4
-18 1
-1 1
+12 1

fn=(614)
36 65
+5 26
+2 104
+1 26
cfn=(616)
calls=13 +44 
* 451
+2 26
+10 13
-3 13
+4 13
+1 13
-5 26
+2 13
+4 52
+1 13
+1 78

fl=(141) ./nptl/./nptl/pthread_mutex_conf.c
fn=(512) __pthread_tunables_init
50 1
+1 2
-1 4
+1 3
cob=(1)
cfi=(11)
cfn=(28)
calls=1 408 
* 19
cob=(1)
cfi=(142)
cfn=(520)
calls=1 +25 
* 921
* 5
+2 4
cob=(1)
cfi=(11)
cfn=(28)
calls=1 408 
* 20
* 1
+2 6

fl=(99)
fn=(352)
37 4
-1 2
+17 3
+3 3
fi=(230) ./string/../sysdeps/x86_64/multiarch/strncase_l.c
-25 2
fe=(99)

fn=(344)
37 4
-1 2
+17 3
+3 3
fi=(231) ./string/../sysdeps/x86_64/multiarch/strcasecmp.c
-25 2
fe=(99)

fn=(398)
37 4
-1 2
+17 3
+3 3
fi=(232) ./string/../sysdeps/x86_64/multiarch/strncase.c
-25 2
fe=(99)

fn=(372)
37 4
-1 2
+17 3
+3 3
fi=(233) ./string/../sysdeps/x86_64/multiarch/strcasecmp_l.c
-25 2
fe=(99)

fl=(180) ./locale/./locale/uselocale.c
fn=(1214) uselocale
31 6
+2 4
+3 4
+1 2
+28 6
+1 6
+2 6
+4 6
+1 2

fl=(205)
fn=(1722)
206 2
+1 2
+1 2
+17 2
+1 2
+2 1
+1 1
+1 1
+2 1
+1 1
+1 1
+4 1
+78 1
+1 1
+2 1
+4 1
+16 1
+1 1
+1 1
+1 1
+1 1

fl=(82)
fn=(366)
40 5
-2 2
fi=(107) ./string/../sysdeps/x86_64/multiarch/strchrnul.c
-7 2
fe=(82)

fn=(326)
40 5
-2 2
fi=(92) ./string/../sysdeps/x86_64/multiarch/strrchr.c
-10 2
fe=(82)

fn=(362)
40 5
-2 2
fi=(106) ./string/../sysdeps/x86_64/multiarch/memrchr.c
-9 2
fe=(82)

fn=(374)
40 5
-2 2
fi=(108) ./string/../sysdeps/x86_64/multiarch/strlen.c
-9 2
fe=(82)

fn=(304)
40 10
-2 4
fi=(83) ./string/../sysdeps/x86_64/multiarch/strnlen.c
-7 4
fe=(82)

fl=(144) ./nptl/../sysdeps/unix/sysv/linux/x86/elision-conf.c
fn=(526) __lll_elision_init
96 1
+5 1
-5 1
+5 1
-5 3
+5 3
cob=(1)
cfi=(11)
cfn=(28)
calls=1 408 
* 19
* 1
+2 4
cob=(1)
cfi=(11)
cfn=(28)
calls=1 408 
* 19
* 1
+2 4
cob=(1)
cfi=(11)
cfn=(28)
calls=1 408 
* 19
* 1
+2 4
cob=(1)
cfi=(11)
cfn=(28)
calls=1 408 
* 19
* 1
+2 4
cob=(1)
cfi=(11)
cfn=(28)
calls=1 408 
* 19
* 1
+4 3
+1 1
+1 6

fl=(186)
fn=(1246)
101 68
+1 68
+1 68
+1 68
+1 68
+1 68
+1 68
+2 68
+2 68
+31 68
+1 68
+1 68
+1 68
+1 68
+1 68
+2 68

fl=(167)
fn=(634)
84 4
+1 3
+1 3
+2 1

fl=(102)
fn=(354)
34 10
fi=(103) ./string/../sysdeps/x86_64/multiarch/memcmp.c
-5 4
fe=(102)

fl=(194) ./time/../sysdeps/unix/sysv/linux/clock_gettime.c
fn=(1616) clock_gettime@@GLIBC_2.17
38 2
+2 2
+28 2
+1 2
-25 1
+42 1

fl=(209)
fn=(1758)
357 4
+5 1
-2 1
+2 2
+8 1
+1 1
+1 1
+3 2
+3 1
+4 1
-7 1
+2 2
+2 2
+8 2
+6 1
+5 2
-7 1
-1 1
+1 1

fl=(137)
fn=(504)
33 6
+2 1
cfi=(138)
cfn=(506)
calls=1 -4 
* 16
+3 1
fi=(140) ./elf/../sysdeps/nptl/pthread_early_init.h
-5 2
fe=(137)
+8 1
-3 1
+3 1
fi=(140)
-8 1
cfi=(139)
cfn=(508)
calls=1 +5 
* 9
* 3
+1 1
+4 5
+7 1
fi=(234) ./elf/../nptl/nptl-stack.h
+13 3
fi=(140)
-13 1
fi=(234)
+13 2
fi=(140)
-4 1
fi=(234)
+4 3
fi=(140)
-6 1
-6 1
+6 6
+1 1
+4 1
cfi=(141)
cfn=(512)
calls=1 -7 
* 986
fe=(137)
-10 3
+2 2
-2 1
cfi=(144)
cfn=(526)
calls=1 +49 
* 136

fl=(152)
fn=(578)
37 2
+3 2
+3 2
-6 6
+3 2
+3 2
+35 5
-20 4
+1 2
cfi=(153)
cfn=(580)
calls=1 -35 
* 8
* 2
+4 1
-1 4
+4 4
+8 1
cfi=(153)
cfn=(580)
calls=1 -50 
* 8
* 2
+4 5

fl=(172) ./gmon/../sysdeps/x86_64/_mcount.S
fn=(1060) mcount
28 17
+2 17
+2 17
+2 17
+2 17
+2 17
+2 17
+2 17
+5 17
+2 17
+1 17
cfi=(173)
cfn=(1062)
calls=17 +26 
* 441
+3 17
+2 17
+2 17
+2 17
+2 17
+2 17
+2 17
+2 17
+2 17

fl=(191)
fn=(1598)
30 1
+2 1
cfi=(192)
cfn=(1600)
calls=1 * 
* 26

fl=(195) ./libio/./libio/iofwrite.c
fn=(1636) fwrite
31 9
+1 3
-1 3
+1 3
-1 9
+4 6
+2 51
+1 10
+1 1
fi=(201)
940 3
+2 2
+1 2
fe=(195)
39 2
fi=(201)
940 6
+2 4
+1 4
fe=(195)
39 12
cfi=(196)
cfn=(1638)
calls=3 1204 
* 2314
+6 6
fi=(201)
883 6
+1 24
fe=(195)
45 6
+1 3
+3 27
-11 4

fl=(171) ./csu/../csu/libc-start.c
fn=(1044) __libc_start_main@@GLIBC_2.34
242 11
+69 3
+1 3
cfi=(162)
cfn=(612)
calls=1 70 
* 74
+25 6
+6 2
-3 2
+10 2
cob=(1)
cfi=(49)
cfn=(1594)
calls=1 119 
* 4
cob=(1)
cfi=(142)
cfn=(520)
calls=1 76 
* 926
* 5
+2 2
+8 4
cfi=(190)
cfn=(1596)
calls=1 29 
* 1224679
128 2
+6 3
+1 6
cob=(2)
cfi=(51)
cfn=(1046) 0x0000000000109000
calls=1 0 
* 11
+3 1
+1 2
+3 2
+1 2
-1 1
+2 9
+1 8
cob=(5)
cfi=(146)
cfn=(1588) _GLOBAL__sub_I__ZN3CPUC2Ev
calls=1 0 
* 145
cob=(5)
cfi=(146)
cfn=(1058) _GLOBAL__sub_I_main
calls=1 0 
* 99986
* 4
cob=(5)
cfi=(146)
cfn=(1052) 0x00000000000014b0
calls=1 0 
* 12
-1 10

fl=(199)
fn=(1648)
29 1
+1 2
+5 3
cfi=(200)
cfn=(1650)
calls=1 154 
* 7

ob=(4)
fl=(123)
fn=(448)
31 3
+4 5

fn=(470)
31 3
+4 4
fi=(235) ./math/../sysdeps/x86_64/fpu/multiarch/s_sincos.c
-9 1
fe=(123)

fn=(436)
31 3
+4 4
fi=(236) ./math/../sysdeps/x86_64/fpu/multiarch/e_pow.c
-8 1
fe=(123)

fn=(456)
31 3
+4 4
fi=(237) ./math/../sysdeps/x86_64/fpu/multiarch/e_asin.c
-8 1
fe=(123)

fl=(116)
fn=(434)
29 4
+1 1

fn=(426)
29 4
fi=(121) ./math/../sysdeps/x86_64/fpu/multiarch/e_log2.c
-2 1
fe=(116)

fn=(438)
29 4
fi=(124) ./math/../sysdeps/x86_64/fpu/multiarch/e_log2f.c
-2 1
fe=(116)

fn=(442)
29 4
fi=(125) ./math/../sysdeps/x86_64/fpu/multiarch/s_log1p.c
-3 1
fe=(116)

fn=(410)
29 4
fi=(117) ./math/../sysdeps/x86_64/fpu/multiarch/s_cosf.c
-3 1
fe=(116)

fn=(458)
29 4
fi=(128) ./math/../sysdeps/x86_64/fpu/multiarch/s_expm1.c
-3 1
fe=(116)

fn=(422)
29 4
fi=(120) ./math/../sysdeps/x86_64/fpu/multiarch/e_logf.c
-2 1
fe=(116)

fn=(462)
29 4
fi=(129) ./math/../sysdeps/x86_64/fpu/multiarch/e_exp2f.c
-2 1
fe=(116)

fn=(416)
29 4
fi=(119) ./math/../sysdeps/x86_64/fpu/multiarch/e_expf.c
-2 1
fe=(116)

fn=(450)
29 4
fi=(126) ./math/../sysdeps/x86_64/fpu/multiarch/s_sinf.c
-3 1
fe=(116)

fn=(430)
29 4
fi=(122) ./math/../sysdeps/x86_64/fpu/multiarch/s_sincosf.c
-3 1
fe=(116)

fl=(127)
fn=(454)
49 9

fl=(118)
fn=(468)
32 4
+4 3
+3 4
fi=(238) ./math/../sysdeps/x86_64/fpu/multiarch/s_sin.c
-12 1
fe=(118)

fn=(420)
32 4
+4 3
+3 4
fi=(238)
-5 1
fe=(118)

fn=(446)
32 4
+4 3
+3 4
fi=(239) ./math/../sysdeps/x86_64/fpu/multiarch/e_log.c
-12 1
fe=(118)

fn=(466)
32 4
+4 3
+3 4
fi=(240) ./math/../sysdeps/x86_64/fpu/multiarch/e_atan2.c
-13 1
fe=(118)

fn=(414)
32 4
+4 3
+3 4
fi=(241) ./math/../sysdeps/x86_64/fpu/multiarch/e_exp.c
-12 1
fe=(118)

fl=(168)
fn=(642)
0 12

ob=(5)
fl=(146)
fn=(1604)
0 9
cob=(3)
cfi=(172)
cfn=(1060)
calls=1 28 
0 29
0 2
cob=(8)
cfi=(170)
cfn=(1610) std::chrono::_V2::system_clock::now()
calls=1 0 
0 767
cob=(1)
cfi=(142)
cfn=(520)
calls=1 76 
0 857
0 5
0 7
cob=(8)
cfi=(170)
cfn=(1622) std::basic_ostream<char, std::char_traits<char> >& std::__ostream_insert<char, std::char_traits<char> >(std::basic_ostream<char, std::char_traits<char> >&, char const*, long)
calls=1 0 
0 3607
cob=(1)
cfi=(142)
cfn=(520)
calls=1 76 
0 1203
0 5
0 2
cfn=(1664) std::basic_ostream<char, std::char_traits<char> >& std::endl<char, std::char_traits<char> >(std::basic_ostream<char, std::char_traits<char> >&) [clone .isra.0]
calls=1 0 
0 5759
0 4
cob=(8)
cfi=(170)
cfn=(1622)
calls=1 0 
0 320
0 1
0 2
cfn=(1664)
calls=1 0 
0 451
0 2
cfn=(1726) CPU::CPU()
calls=1 0 
0 65
0 2
cfn=(1728) Bus::Bus()
calls=1 0 
0 84
0 2
cfn=(1730) Bus::init()
calls=1 0 
0 1209927
0 4
cob=(8)
cfi=(170)
cfn=(1622)
calls=1 0 
0 242
0 1
0 2
cfn=(1664)
calls=1 0 
0 452
0 1
cob=(3)
cfi=(207)
cfn=(1754)
calls=1 26 
0 52
cob=(1)
cfi=(142)
cfn=(520)
calls=1 76 
0 699
0 5
0 3
cfn=(1760) Bus::read(unsigned int)
calls=1 0 
0 55

fn=(1664)
0 15
cob=(3)
cfi=(172)
cfn=(1060)
calls=3 28 
0 147
0 30
cob=(8)
cfi=(170)
cfn=(1682) std::ostream::put(char)
calls=2 0 
0 509
0 2
0 2
cob=(8)
cfi=(170)
cfn=(1682)
calls=1 0 
0 969
cob=(1)
cfi=(142)
cfn=(520)
calls=1 76 
0 685
0 5
0 15
cob=(8)
cfi=(170)
cfn=(1706) std::ostream::flush()
calls=3 0 
0 1120
cob=(1)
cfi=(142)
cfn=(520)
calls=1 76 
0 767
0 7
0 2
cob=(8)
cfi=(170)
cfn=(1670) std::ctype<char>::_M_widen_init() const
calls=1 0 
0 1535
cob=(1)
cfi=(142)
cfn=(520)
calls=1 76 
0 838
0 5
0 4
cob=(8)
cfi=(170)
cfn=(1676) std::ctype<char>::do_widen(char) const
calls=1 0 
0 3
0 2

fn=(1728)
0 3
cob=(3)
cfi=(172)
cfn=(1060)
calls=1 28 
0 57
0 24

fn=(1052)
0 12

fn=(1760)
0 3
cob=(3)
cfi=(172)
cfn=(1060)
calls=1 28 
0 49
0 3

fn=(1730)
0 8
cob=(3)
cfi=(172)
cfn=(1060)
calls=1 28 
0 49
0 91
cfn=(1742) std::vector<unsigned char, std::allocator<unsigned char> >::_M_fill_insert(__gnu_cxx::__normal_iterator<unsigned char*, std::vector<unsigned char, std::allocator<unsigned char> > >, unsigned long, unsigned char const&)
calls=1 0 
0 218
0 7
cfn=(1742)
calls=1 0 
0 917610
0 7
cfn=(1742)
calls=1 0 
0 1002
0 7
cfn=(1742)
calls=1 0 
0 554
0 7
cfn=(1742)
calls=1 0 
0 57450
0 13
cfn=(1742)
calls=1 0 
0 330
0 7
cfn=(1742)
calls=1 0 
0 230205
0 5
cob=(8)
cfi=(170)
cfn=(1736) operator new(unsigned long)
calls=1 0 
0 280
0 1
0 18
cob=(8)
cfi=(170)
cfn=(1736)
calls=1 0 
0 170
0 1
0 18
cob=(8)
cfi=(170)
cfn=(1736)
calls=1 0 
0 168
0 1
0 18
cob=(8)
cfi=(170)
cfn=(1736)
calls=1 0 
0 168
0 1
0 18
cob=(8)
cfi=(170)
cfn=(1736)
calls=1 0 
0 173
0 1
0 18
cob=(8)
cfi=(170)
cfn=(1736)
calls=1 0 
0 280
0 1
0 18
cob=(8)
cfi=(170)
cfn=(1736)
calls=1 0 
0 280
cob=(1)
cfi=(142)
cfn=(520)
calls=1 76 
0 705
0 5
0 14

fn=(1042)
0 11
cob=(3)
cfi=(171)
cfn=(1044)
calls=1 242 
0 1325927

fn=(606) atexit
0 3
cob=(3)
cfi=(162)
cfn=(612)
calls=1 70 
0 70
cob=(1)
cfi=(142)
cfn=(520)
calls=1 76 
0 829
0 5

fn=(1742)
0 63
cob=(3)
cfi=(172)
cfn=(1060)
calls=7 28 
0 343
0 210
cob=(3)
cfi=(155)
cfn=(588)
calls=7 141 
0 1205995
cob=(1)
cfi=(142)
cfn=(520)
calls=1 76 
0 719
0 11
0 28

fn=(1588)
0 5
cob=(3)
cfi=(172)
cfn=(1060)
calls=1 28 
0 29
0 3
cob=(8)
cfi=(170)
cfn=(1068) std::ios_base::Init::Init()
calls=1 0 
0 25
0 1
0 7
cob=(3)
cfi=(162)
cfn=(612)
calls=1 70 
0 74
0 1

fn=(1726)
0 3
cob=(3)
cfi=(172)
cfn=(1060)
calls=1 28 
0 49
0 13

fn=(546) __gmon_start__
0 24
cob=(3)
cfi=(147)
cfn=(554)
calls=1 137 
0 4335
cob=(1)
cfi=(142)
cfn=(520)
calls=1 76 
0 765
0 5
0 3
cfn=(606)
calls=1 0 
0 907

fn=(1058)
0 5
cob=(3)
cfi=(172)
cfn=(1060)
calls=1 28 
0 29
0 3
cob=(8)
cfi=(170)
cfn=(1068)
calls=1 0 
0 99040
cob=(1)
cfi=(142)
cfn=(520)
calls=1 76 
0 822
0 5
0 7
cob=(3)
cfi=(162)
cfn=(612)
calls=1 70 
0 74
0 1

ob=(8)
fl=(170)
fn=(874) std::error_category::error_category()
0 10

fn=(1076) 0x00000000000bbb80
0 11
cfn=(1090) std::locale::_Impl::_Impl(unsigned long)
calls=1 0 
0 68717
cob=(1)
cfi=(142)
cfn=(520)
calls=1 76 
0 693
0 5
0 9
cfn=(1446) std::locale::locale(std::locale::_Impl*)
calls=1 0 
0 3
cob=(1)
cfi=(142)
cfn=(520)
calls=1 76 
0 717
0 5
0 176

fn=(1102) std::ctype<char>::ctype(unsigned short const*, bool, unsigned long)
0 15
cfn=(1108) std::locale::facet::_S_get_c_locale()
calls=1 0 
0 2902
cob=(1)
cfi=(142)
cfn=(520)
calls=1 76 
0 817
0 5
0 101

fn=(1126) std::locale::facet::_S_create_c_locale(__locale_struct*&, char const*, __locale_struct*)
0 5
cob=(3)
cfi=(176)
cfn=(1132)
calls=1 43 
0 38
cob=(1)
cfi=(142)
cfn=(520)
calls=1 76 
0 780
0 5
0 5

fn=(1160) std::codecvt<char, char, __mbstate_t>::codecvt(unsigned long)
0 13
cfn=(1108)
calls=1 0 
0 15
0 1
0 5

fn=(1300) std::numpunct<char>::_M_initialize_numpunct(__locale_struct*)
0 414

fn=(1446)
0 3

fn=(1550) std::basic_ios<wchar_t, std::char_traits<wchar_t> >::_M_cache_locale(std::locale const&)
0 32
cfn=(1556) bool std::has_facet<std::ctype<wchar_t> >(std::locale const&)
calls=4 0 
0 464
cob=(1)
cfi=(142)
cfn=(520)
calls=1 76 
0 796
0 8
0 16
cfn=(1562) std::ctype<wchar_t> const& std::use_facet<std::ctype<wchar_t> >(std::locale const&)
calls=4 0 
0 456
cob=(1)
cfi=(142)
cfn=(520)
calls=1 76 
0 812
0 8
0 12
cfn=(1568) bool std::has_facet<std::num_put<wchar_t, std::ostreambuf_iterator<wchar_t, std::char_traits<wchar_t> > > >(std::locale const&)
calls=4 0 
0 464
cob=(1)
cfi=(142)
cfn=(520)
calls=1 76 
0 1072
0 8
0 16
cfn=(1574) std::num_put<wchar_t, std::ostreambuf_iterator<wchar_t, std::char_traits<wchar_t> > > const& std::use_facet<std::num_put<wchar_t, std::ostreambuf_iterator<wchar_t, std::char_traits<wchar_t> > > >(std::locale const&)
calls=4 0 
0 456
cob=(1)
cfi=(142)
cfn=(520)
calls=1 76 
0 1104
0 8
0 12
cfn=(1580) bool std::has_facet<std::num_get<wchar_t, std::istreambuf_iterator<wchar_t, std::char_traits<wchar_t> > > >(std::locale const&)
calls=4 0 
0 464
cob=(1)
cfi=(142)
cfn=(520)
calls=1 76 
0 1088
0 8
0 16
cfn=(1586) std::num_get<wchar_t, std::istreambuf_iterator<wchar_t, std::char_traits<wchar_t> > > const& std::use_facet<std::num_get<wchar_t, std::istreambuf_iterator<wchar_t, std::char_traits<wchar_t> > > >(std::locale const&)
calls=4 0 
0 456
cob=(1)
cfi=(142)
cfn=(520)
calls=1 76 
0 1112
0 8
0 20

fn=(1586)
0 20
cfn=(1154) std::locale::id::_M_id() const
calls=4 0 
0 24
0 4
0 44
cfn=(1496) __dynamic_cast
calls=4 0 
0 344
0 4
0 16

fn=(1630) __gnu_cxx::stdio_sync_filebuf<char, std::char_traits<char> >::xsputn(char const*, long)
0 18
cob=(3)
cfi=(195)
cfn=(1636)
calls=3 31 
0 2520
cob=(1)
cfi=(142)
cfn=(520)
calls=1 76 
0 698
0 7

fn=(1682)
0 33
cfn=(1628) std::ostream::sentry::sentry(std::ostream&)
calls=3 0 
0 69
0 3
0 69
cfn=(1684) __gnu_cxx::stdio_sync_filebuf<char, std::char_traits<char> >::overflow(int)
calls=3 0 
0 1298
0 6

fn=(886)
0 3
cfn=(892) std::future_category()
calls=1 0 
0 3
cob=(1)
cfi=(142)
cfn=(520)
calls=1 76 
0 687
0 5
0 4

fn=(892)
0 3

fn=(896)
0 9
cob=(3)
cfi=(148)
cfn=(902)
calls=1 3281 
0 165
cob=(1)
cfi=(142)
cfn=(520)
calls=1 76 
0 785
0 5
0 8

fn=(1096) std::locale::facet::_S_get_c_name()
0 21

fn=(1236) std::ctype<wchar_t>::_M_convert_to_wmask(unsigned short) const
0 84
cob=(3)
cfi=(185)
cfn=(1242)
calls=1 26 
0 610
0 1
0 24
cob=(3)
cfi=(185)
cfn=(1242)
calls=1 26 
0 390
0 1
0 7
cob=(3)
cfi=(185)
cfn=(1242)
calls=1 26 
0 500
0 1
0 9
cob=(3)
cfi=(185)
cfn=(1242)
calls=1 26 
0 199
0 1
0 3
cob=(3)
cfi=(185)
cfn=(1242)
calls=1 26 
0 254
0 1
0 3
cob=(3)
cfi=(185)
cfn=(1242)
calls=1 26 
0 89
cob=(1)
cfi=(142)
cfn=(520)
calls=1 76 
0 715
0 5
0 3
cob=(3)
cfi=(185)
cfn=(1242)
calls=1 26 
0 555
0 1
0 3
cob=(3)
cfi=(185)
cfn=(1242)
calls=1 26 
0 193
0 1
0 3
cob=(3)
cfi=(185)
cfn=(1242)
calls=1 26 
0 335
0 1
0 7
cob=(3)
cfi=(185)
cfn=(1242)
calls=1 26 
0 144
0 1

fn=(1294) 0x00000000000d48d0
0 23
cfn=(1300)
calls=1 0 
0 414
cob=(1)
cfi=(142)
cfn=(520)
calls=1 76 
0 921
0 5
0 8
cfn=(1154)
calls=1 0 
0 15
0 1
0 7
cfn=(1108)
calls=1 0 
0 15
0 1
0 7
cfn=(1154)
calls=1 0 
0 15
0 1
0 12
cfn=(1318) std::moneypunct<char, false>::_M_initialize_moneypunct(__locale_struct*, char const*)
calls=1 0 
0 113
cob=(1)
cfi=(142)
cfn=(520)
calls=1 76 
0 993
0 5
0 7
cfn=(1154)
calls=1 0 
0 15
0 1
0 13
cfn=(1330) std::moneypunct<char, true>::_M_initialize_moneypunct(__locale_struct*, char const*)
calls=1 0 
0 113
cob=(1)
cfi=(142)
cfn=(520)
calls=1 76 
0 1009
0 5
0 7
cfn=(1154)
calls=1 0 
0 15
0 1
0 12
cfn=(1154)
calls=1 0 
0 15
0 1
0 12
cfn=(1154)
calls=1 0 
0 15
0 1
0 12
cfn=(1154)
calls=1 0 
0 15
0 1
0 6
cfn=(1354) std::messages<char>::messages(unsigned long)
calls=1 0 
0 40
cob=(1)
cfi=(142)
cfn=(520)
calls=1 76 
0 704
0 5
0 7
cfn=(1154)
calls=1 0 
0 15
0 1
0 16
cfn=(1366) std::numpunct<wchar_t>::_M_initialize_numpunct(__locale_struct*)
calls=1 0 
0 350
cob=(1)
cfi=(142)
cfn=(520)
calls=1 76 
0 929
0 5
0 7
cfn=(1154)
calls=1 0 
0 15
0 1
0 7
cfn=(1108)
calls=1 0 
0 15
0 1
0 7
cfn=(1154)
calls=1 0 
0 15
0 1
0 13
cfn=(1384) std::moneypunct<wchar_t, false>::_M_initialize_moneypunct(__locale_struct*, char const*)
calls=1 0 
0 102
cob=(1)
cfi=(142)
cfn=(520)
calls=1 76 
0 1025
0 5
0 7
cfn=(1154)
calls=1 0 
0 15
0 1
0 13
cfn=(1396) std::moneypunct<wchar_t, true>::_M_initialize_moneypunct(__locale_struct*, char const*)
calls=1 0 
0 102
cob=(1)
cfi=(142)
cfn=(520)
calls=1 76 
0 1001
0 5
0 7
cfn=(1154)
calls=1 0 
0 15
0 1
0 12
cfn=(1154)
calls=1 0 
0 15
0 1
0 12
cfn=(1154)
calls=1 0 
0 15
0 1
0 12
cfn=(1154)
calls=1 0 
0 15
0 1
0 6
cfn=(1420) std::messages<wchar_t>::messages(unsigned long)
calls=1 0 
0 40
cob=(1)
cfi=(142)
cfn=(520)
calls=1 76 
0 704
0 5
0 6
cfn=(1154)
calls=1 0 
0 15
0 1
0 4
cfn=(1154)
calls=1 0 
0 6
0 1
0 4
cfn=(1154)
calls=1 0 
0 6
0 1
0 4
cfn=(1154)
calls=1 0 
0 6
0 1
0 5
cfn=(1154)
calls=1 0 
0 6
0 1
0 4
cfn=(1154)
calls=1 0 
0 6
0 1
0 5
cfn=(1154)
calls=1 0 
0 6
0 1
0 10

fn=(1318)
0 113

fn=(1330)
0 113

fn=(1354)
0 13
cfn=(1108)
calls=1 0 
0 15
0 1
0 2
cfn=(1096)
calls=1 0 
0 3
0 1
0 5

fn=(1366)
0 350

fn=(1556)
0 20
cfn=(1154)
calls=4 0 
0 24
0 4
0 48
cfn=(1496)
calls=4 0 
0 344
0 4
0 20

fn=(1580)
0 20
cfn=(1154)
calls=4 0 
0 24
0 4
0 48
cfn=(1496)
calls=4 0 
0 344
0 4
0 20

fn=(1628)
0 207

fn=(1074) std::locale::locale()
0 154
cfn=(1076)
calls=22 0 
0 70336
0 220

fn=(1172) std::__cxx11::moneypunct<char, false>::_M_initialize_moneypunct(__locale_struct*, char const*)
0 113

fn=(1274) std::__cxx11::moneypunct<wchar_t, true>::_M_initialize_moneypunct(__locale_struct*, char const*)
0 102

fn=(1396)
0 102

fn=(1460) std::basic_ios<char, std::char_traits<char> >::init(std::basic_streambuf<char, std::char_traits<char> >*)
0 28
cfn=(1466) std::ios_base::_M_init()
calls=4 0 
0 1694
cob=(1)
cfi=(142)
cfn=(520)
calls=1 76 
0 713
0 8
0 12
cfn=(1484) std::basic_ios<char, std::char_traits<char> >::_M_cache_locale(std::locale const&)
calls=4 0 
0 10638
cob=(1)
cfi=(142)
cfn=(520)
calls=1 76 
0 976
0 8
0 52

fn=(1478) std::locale::~locale()
0 64

fn=(1520) __cxxabiv1::__si_class_type_info::__do_dyncast(long, __cxxabiv1::__class_type_info::__sub_kind, __cxxabiv1::__class_type_info const*, void const*, __cxxabiv1::__class_type_info const*, void const*, __cxxabiv1::__class_type_info::__dyncast_result&) const
0 1480

fn=(1562)
0 20
cfn=(1154)
calls=4 0 
0 24
0 4
0 44
cfn=(1496)
calls=4 0 
0 344
0 4
0 16

fn=(1706)
0 39
cfn=(1628)
calls=3 0 
0 69
0 3
0 21
cfn=(1708) __gnu_cxx::stdio_sync_filebuf<char, std::char_traits<char> >::sync()
calls=3 0 
0 949
0 39

fn=(1280) std::__timepunct<wchar_t>::__timepunct(std::__timepunct_cache<wchar_t>*, unsigned long)
0 15
cfn=(1096)
calls=1 0 
0 3
0 1
0 4
cfn=(1286) std::__timepunct<wchar_t>::_M_initialize_timepunct(__locale_struct*)
calls=1 0 
0 165
cob=(1)
cfi=(142)
cfn=(520)
calls=1 76 
0 977
0 5
0 4

fn=(1292) std::__cxx11::messages<wchar_t>::messages(unsigned long)
0 13
cfn=(1108)
calls=1 0 
0 15
0 1
0 2
cfn=(1096)
calls=1 0 
0 3
0 1
0 5

fn=(1518) bool std::has_facet<std::num_put<char, std::ostreambuf_iterator<char, std::char_traits<char> > > >(std::locale const&)
0 20
cfn=(1154)
calls=4 0 
0 24
0 4
0 48
cfn=(1496)
calls=4 0 
0 344
0 4
0 20

fn=(1574)
0 20
cfn=(1154)
calls=4 0 
0 24
0 4
0 44
cfn=(1496)
calls=4 0 
0 344
0 4
0 16

fn=(936)
0 44

fn=(1068)
0 64
cfn=(1074)
calls=1 0 
0 70185
cob=(1)
cfi=(142)
cfn=(520)
calls=1 76 
0 665
0 5
0 16
cfn=(1074)
calls=1 0 
0 25
0 1
0 14
cfn=(1074)
calls=1 0 
0 25
0 1
0 7
cfn=(1454) std::ios_base::ios_base()
calls=1 0 
0 84
cob=(1)
cfi=(142)
cfn=(520)
calls=1 76 
0 669
0 5
0 11
cfn=(1460)
calls=1 0 
0 11345
cob=(1)
cfi=(142)
cfn=(520)
calls=1 76 
0 1016
0 5
0 4
cfn=(1454)
calls=1 0 
0 84
0 1
0 15
cfn=(1460)
calls=1 0 
0 928
0 1
0 5
cfn=(1454)
calls=1 0 
0 84
0 1
0 11
cfn=(1460)
calls=1 0 
0 928
0 1
0 4
cfn=(1454)
calls=1 0 
0 84
0 1
0 11
cfn=(1460)
calls=1 0 
0 928
0 1
0 23
cfn=(1074)
calls=1 0 
0 25
0 1
0 16
cfn=(1074)
calls=1 0 
0 25
0 1
0 14
cfn=(1074)
calls=1 0 
0 25
0 1
0 7
cfn=(1454)
calls=1 0 
0 84
0 1
0 11
cfn=(1544) std::basic_ios<wchar_t, std::char_traits<wchar_t> >::init(std::basic_streambuf<wchar_t, std::char_traits<wchar_t> >*)
calls=1 0 
0 7808
cob=(1)
cfi=(142)
cfn=(520)
calls=1 76 
0 976
0 5
0 4
cfn=(1454)
calls=1 0 
0 84
0 1
0 15
cfn=(1544)
calls=1 0 
0 828
0 1
0 5
cfn=(1454)
calls=1 0 
0 84
0 1
0 11
cfn=(1544)
calls=1 0 
0 828
0 1
0 4
cfn=(1454)
calls=1 0 
0 84
0 1
0 11
cfn=(1544)
calls=1 0 
0 828
0 1
0 15

fn=(1166) std::__cxx11::numpunct<char>::_M_initialize_numpunct(__locale_struct*)
0 414

fn=(1178) std::__cxx11::moneypunct<char, true>::_M_initialize_moneypunct(__locale_struct*, char const*)
0 113

fn=(1184) std::__timepunct<char>::__timepunct(std::__timepunct_cache<char>*, unsigned long)
0 15
cfn=(1096)
calls=1 0 
0 3
0 1
0 4
cfn=(1190) std::__timepunct<char>::_M_initialize_timepunct(__locale_struct*)
calls=1 0 
0 165
cob=(1)
cfi=(142)
cfn=(520)
calls=1 76 
0 953
0 5
0 4

fn=(1196) std::__cxx11::messages<char>::messages(unsigned long)
0 13
cfn=(1108)
calls=1 0 
0 15
0 1
0 2
cfn=(1096)
calls=1 0 
0 3
0 1
0 5

fn=(1454)
0 464
cfn=(1074)
calls=8 0 
0 200
0 8

fn=(1526) std::num_put<char, std::ostreambuf_iterator<char, std::char_traits<char> > > const& std::use_facet<std::num_put<char, std::ostreambuf_iterator<char, std::char_traits<char> > > >(std::locale const&)
0 20
cfn=(1154)
calls=4 0 
0 24
0 4
0 44
cfn=(1496)
calls=4 0 
0 344
0 4
0 16

fn=(1568)
0 20
cfn=(1154)
calls=4 0 
0 24
0 4
0 48
cfn=(1496)
calls=4 0 
0 344
0 4
0 20

fn=(1670)
0 717
cob=(3)
cfi=(187)
cfn=(1250)
calls=1 71 
0 95
cob=(1)
cfi=(142)
cfn=(520)
calls=1 76 
0 709
0 5
0 9

fn=(1736)
0 56
cob=(3)
cfi=(148)
cfn=(902)
calls=7 3281 
0 1428
0 7
0 28

fn=(944)
0 5
cob=(3)
cfi=(162)
cfn=(612)
calls=1 70 
0 74
0 1

fn=(982)
0 50

fn=(1034)
0 7
cob=(3)
cfi=(162)
cfn=(612)
calls=1 70 
0 74
0 1
0 4
cob=(3)
cfi=(162)
cfn=(612)
calls=1 70 
0 74
0 1
0 5
cob=(3)
cfi=(162)
cfn=(612)
calls=1 70 
0 74
0 1

fn=(1262) std::__cxx11::numpunct<wchar_t>::_M_initialize_numpunct(__locale_struct*)
0 350

fn=(1286)
0 11
cfn=(1108)
calls=1 0 
0 15
0 1
0 138

fn=(1384)
0 102

fn=(1472) std::locale::operator=(std::locale const&)
0 160

fn=(1484)
0 32
cfn=(1490) bool std::has_facet<std::ctype<char> >(std::locale const&)
calls=4 0 
0 2026
cob=(1)
cfi=(142)
cfn=(520)
calls=1 76 
0 812
0 8
0 16
cfn=(1512) std::ctype<char> const& std::use_facet<std::ctype<char> >(std::locale const&)
calls=4 0 
0 656
cob=(1)
cfi=(142)
cfn=(520)
calls=1 76 
0 812
0 8
0 12
cfn=(1518)
calls=4 0 
0 464
cob=(1)
cfi=(142)
cfn=(520)
calls=1 76 
0 1072
0 8
0 16
cfn=(1526)
calls=4 0 
0 456
cob=(1)
cfi=(142)
cfn=(520)
calls=1 76 
0 1088
0 8
0 12
cfn=(1532) bool std::has_facet<std::num_get<char, std::istreambuf_iterator<char, std::char_traits<char> > > >(std::locale const&)
calls=4 0 
0 464
cob=(1)
cfi=(142)
cfn=(520)
calls=1 76 
0 1072
0 8
0 16
cfn=(1538) std::num_get<char, std::istreambuf_iterator<char, std::char_traits<char> > > const& std::use_facet<std::num_get<char, std::istreambuf_iterator<char, std::char_traits<char> > > >(std::locale const&)
calls=4 0 
0 456
cob=(1)
cfi=(142)
cfn=(520)
calls=1 76 
0 1088
0 8
0 20

fn=(1512)
0 20
cfn=(1154)
calls=4 0 
0 24
0 4
0 44
cfn=(1496)
calls=4 0 
0 544
0 4
0 16

fn=(866)
0 9
cfn=(874)
calls=1 0 
0 5
cob=(1)
cfi=(142)
cfn=(520)
calls=1 76 
0 691
0 5
0 7
cob=(3)
cfi=(162)
cfn=(612)
calls=1 70 
0 74
cob=(1)
cfi=(142)
cfn=(520)
calls=1 76 
0 829
0 5
0 3
cfn=(874)
calls=1 0 
0 5
0 1
0 9
cob=(3)
cfi=(162)
cfn=(612)
calls=1 70 
0 74
0 1

fn=(938)
0 5
cob=(3)
cfi=(162)
cfn=(612)
calls=1 70 
0 74
0 1

fn=(940)
0 7
cob=(3)
cfi=(162)
cfn=(612)
calls=1 70 
0 74
0 1
0 5
cob=(3)
cfi=(162)
cfn=(612)
calls=1 70 
0 74
0 1

fn=(964)
0 34

fn=(1008)
0 50

fn=(1090)
0 139
cfn=(1096)
calls=1 0 
0 3
cob=(1)
cfi=(142)
cfn=(520)
calls=1 76 
0 759
0 5
0 7
cfn=(1102)
calls=1 0 
0 3840
cob=(1)
cfi=(142)
cfn=(520)
calls=1 76 
0 693
0 5
0 4
cfn=(1148) std::locale::_Impl::_M_install_facet(std::locale::id const*, std::locale::facet const*)
calls=1 0 
0 1104
cob=(1)
cfi=(142)
cfn=(520)
calls=1 76 
0 933
0 5
0 4
cfn=(1160)
calls=1 0 
0 34
cob=(1)
cfi=(142)
cfn=(520)
calls=1 76 
0 773
0 5
0 4
cfn=(1148)
calls=1 0 
0 395
0 1
0 23
cfn=(1166)
calls=1 0 
0 414
cob=(1)
cfi=(142)
cfn=(520)
calls=1 76 
0 971
0 5
0 4
cfn=(1148)
calls=1 0 
0 395
0 1
0 8
cfn=(1148)
calls=1 0 
0 395
0 1
0 8
cfn=(1148)
calls=1 0 
0 395
0 1
0 5
cfn=(1108)
calls=1 0 
0 15
0 1
0 5
cfn=(1148)
calls=1 0 
0 395
0 1
0 28
cfn=(1172)
calls=1 0 
0 113
cob=(1)
cfi=(142)
cfn=(520)
calls=1 76 
0 1027
0 5
0 4
cfn=(1148)
calls=1 0 
0 395
0 1
0 28
cfn=(1178)
calls=1 0 
0 113
cob=(1)
cfi=(142)
cfn=(520)
calls=1 76 
0 1035
0 5
0 4
cfn=(1148)
calls=1 0 
0 395
0 1
0 8
cfn=(1148)
calls=1 0 
0 395
0 1
0 8
cfn=(1148)
calls=1 0 
0 395
0 1
0 35
cfn=(1184)
calls=1 0 
0 1150
cob=(1)
cfi=(142)
cfn=(520)
calls=1 76 
0 868
0 5
0 4
cfn=(1148)
calls=1 0 
0 395
0 1
0 8
cfn=(1148)
calls=1 0 
0 395
0 1
0 8
cfn=(1148)
calls=1 0 
0 395
0 1
0 4
cfn=(1196)
calls=1 0 
0 40
cob=(1)
cfi=(142)
cfn=(520)
calls=1 76 
0 714
0 5
0 4
cfn=(1148)
calls=1 0 
0 395
0 1
0 4
cfn=(1202) std::ctype<wchar_t>::ctype(unsigned long)
calls=1 0 
0 23899
cob=(1)
cfi=(142)
cfn=(520)
calls=1 76 
0 677
0 5
0 4
cfn=(1148)
calls=1 0 
0 395
0 1
0 4
cfn=(1256) std::codecvt<wchar_t, char, __mbstate_t>::codecvt(unsigned long)
calls=1 0 
0 34
cob=(1)
cfi=(142)
cfn=(520)
calls=1 76 
0 773
0 5
0 4
cfn=(1148)
calls=1 0 
0 395
0 1
0 23
cfn=(1262)
calls=1 0 
0 350
cob=(1)
cfi=(142)
cfn=(520)
calls=1 76 
0 947
0 5
0 4
cfn=(1148)
calls=1 0 
0 395
0 1
0 8
cfn=(1148)
calls=1 0 
0 395
0 1
0 8
cfn=(1148)
calls=1 0 
0 395
0 1
0 5
cfn=(1108)
calls=1 0 
0 15
0 1
0 16
cfn=(1148)
calls=1 0 
0 395
0 1
0 27
cfn=(1268) std::__cxx11::moneypunct<wchar_t, false>::_M_initialize_moneypunct(__locale_struct*, char const*)
calls=1 0 
0 102
cob=(1)
cfi=(142)
cfn=(520)
calls=1 76 
0 1097
0 5
0 4
cfn=(1148)
calls=1 0 
0 395
0 1
0 28
cfn=(1274)
calls=1 0 
0 102
cob=(1)
cfi=(142)
cfn=(520)
calls=1 76 
0 1019
0 5
0 4
cfn=(1148)
calls=1 0 
0 395
0 1
0 8
cfn=(1148)
calls=1 0 
0 395
0 1
0 8
cfn=(1148)
calls=1 0 
0 395
0 1
0 35
cfn=(1280)
calls=1 0 
0 1174
cob=(1)
cfi=(142)
cfn=(520)
calls=1 76 
0 876
0 5
0 4
cfn=(1148)
calls=1 0 
0 395
0 1
0 8
cfn=(1148)
calls=1 0 
0 395
0 1
0 8
cfn=(1148)
calls=1 0 
0 395
0 1
0 4
cfn=(1292)
calls=1 0 
0 40
cob=(1)
cfi=(142)
cfn=(520)
calls=1 76 
0 714
0 5
0 4
cfn=(1148)
calls=1 0 
0 395
0 1
0 8
cfn=(1148)
calls=1 0 
0 395
0 1
0 8
cfn=(1148)
calls=1 0 
0 395
0 1
0 8
cfn=(1148)
calls=1 0 
0 395
0 1
0 8
cfn=(1148)
calls=1 0 
0 395
0 1
0 9
cfn=(1294)
calls=1 0 
0 9224
0 3
cfn=(1154)
calls=1 0 
0 6
0 1
0 4
cfn=(1154)
calls=1 0 
0 6
0 1
0 4
cfn=(1154)
calls=1 0 
0 6
0 1
0 4
cfn=(1154)
calls=1 0 
0 6
0 1
0 5
cfn=(1154)
calls=1 0 
0 6
0 1
0 5
cfn=(1154)
calls=1 0 
0 6
0 1
0 4
cfn=(1154)
calls=1 0 
0 6
0 1
0 5
cfn=(1154)
calls=1 0 
0 6
0 1
0 10

fn=(1108)
0 70
cob=(3)
cfi=(174)
cfn=(1114)
calls=14 139 
0 1938
cob=(1)
cfi=(142)
cfn=(520)
calls=1 76 
0 1015
0 18
0 56

fn=(1120)
0 5
cfn=(1126)
calls=1 0 
0 833
cob=(1)
cfi=(142)
cfn=(520)
calls=1 76 
0 961
0 5

fn=(1190)
0 11
cfn=(1108)
calls=1 0 
0 15
0 1
0 138

fn=(1202)
0 13
cfn=(1108)
calls=1 0 
0 15
0 1
0 7
cfn=(1208) std::ctype<wchar_t>::_M_initialize_ctype()
calls=1 0 
0 23073
cob=(1)
cfi=(142)
cfn=(520)
calls=1 76 
0 785
0 5

fn=(1208)
0 10
cob=(3)
cfi=(180)
cfn=(1214)
calls=1 31 
0 21
cob=(1)
cfi=(142)
cfn=(520)
calls=1 76 
0 780
0 5
0 770
cob=(3)
cfi=(181)
cfn=(1220)
calls=128 30 
0 2688
cob=(1)
cfi=(142)
cfn=(520)
calls=1 76 
0 781
0 132
0 260
cob=(3)
cfi=(182)
cfn=(1226)
calls=1 32 
0 24
cob=(1)
cfi=(142)
cfn=(520)
calls=1 76 
0 702
0 5
0 510
cob=(3)
cfi=(182)
cfn=(1226)
calls=255 32 
0 9960
0 255
0 1086
cfn=(1236)
calls=8 0 
0 2419
cob=(1)
cfi=(142)
cfn=(520)
calls=1 76 
0 805
0 12
0 72
cfn=(1236)
calls=4 0 
0 1725
0 4
0 23
cob=(3)
cfi=(180)
cfn=(1214)
calls=1 31 
0 21
0 1
0 2

fn=(1490)
0 20
cfn=(1154)
calls=4 0 
0 24
0 4
0 48
cfn=(1496)
calls=4 0 
0 1271
cob=(1)
cfi=(142)
cfn=(520)
calls=1 76 
0 631
0 8
0 20

fn=(1496)
0 1536
cfn=(1520)
calls=40 0 
0 1480
cfn=(1498) __cxxabiv1::__vmi_class_type_info::__do_dyncast(long, __cxxabiv1::__class_type_info::__sub_kind, __cxxabiv1::__class_type_info const*, void const*, __cxxabiv1::__class_type_info const*, void const*, __cxxabiv1::__class_type_info::__dyncast_result&) const
calls=8 0 
0 1423
0 816

fn=(1538)
0 20
cfn=(1154)
calls=4 0 
0 24
0 4
0 44
cfn=(1496)
calls=4 0 
0 344
0 4
0 16

fn=(1610)
0 5
cob=(3)
cfi=(194)
cfn=(1616)
calls=1 38 
0 10
cob=(1)
cfi=(142)
cfn=(520)
calls=1 76 
0 743
0 5
0 4

fn=(1622)
0 45
cfn=(1628)
calls=3 0 
0 69
cob=(1)
cfi=(142)
cfn=(520)
calls=1 76 
0 700
0 7
0 90
cfn=(1630)
calls=3 0 
0 3243
0 15

fn=(860)
0 12

fn=(946)
0 34

fn=(1256)
0 13
cfn=(1108)
calls=1 0 
0 15
0 1
0 5

fn=(1466)
0 88
cfn=(1074)
calls=8 0 
0 200
0 8
0 24
cfn=(1472)
calls=8 0 
0 160
cob=(1)
cfi=(142)
cfn=(520)
calls=1 76 
0 685
0 12
0 16
cfn=(1478)
calls=8 0 
0 64
cob=(1)
cfi=(142)
cfn=(520)
calls=1 76 
0 697
0 12
0 32

fn=(1532)
0 20
cfn=(1154)
calls=4 0 
0 24
0 4
0 48
cfn=(1496)
calls=4 0 
0 344
0 4
0 20

fn=(1544)
0 28
cfn=(1466)
calls=4 0 
0 304
0 4
0 12
cfn=(1550)
calls=4 0 
0 8916
cob=(1)
cfi=(142)
cfn=(520)
calls=1 76 
0 968
0 8
0 52

fn=(1676)
0 3

fn=(910)
0 78

fn=(1148)
0 448
cfn=(1154)
calls=32 0 
0 480
cob=(1)
cfi=(142)
cfn=(520)
calls=1 76 
0 705
0 36
0 11680

fn=(1154)
0 1092

fn=(1268)
0 102

fn=(1420)
0 13
cfn=(1108)
calls=1 0 
0 15
0 1
0 2
cfn=(1096)
calls=1 0 
0 3
0 1
0 5

fn=(1498)
0 448
cob=(3)
cfi=(189)
cfn=(1506)
calls=8 144 
0 176
cob=(1)
cfi=(142)
cfn=(520)
calls=1 76 
0 723
0 12
0 64

fn=(1684)
0 21
cob=(3)
cfi=(202)
cfn=(1690)
calls=3 25 
0 560
cob=(1)
cfi=(142)
cfn=(520)
calls=1 76 
0 710
0 7

fn=(1708)
0 9
cob=(3)
cfi=(204)
cfn=(1714)
calls=3 33 
0 192
cob=(1)
cfi=(142)
cfn=(520)
calls=1 76 
0 741
0 7

ob=(2)
fl=(51)
fn=(648)
0 5
cob=(5)
cfi=(146)
cfn=(546)
calls=1 0 
0 4
0 2

fn=(636)
0 5
cob=(5)
cfi=(146)
cfn=(546)
calls=1 0 
0 4
0 2

fn=(854)
0 5
cob=(5)
cfi=(146)
cfn=(546)
calls=1 0 
0 4
0 2

fn=(542)
0 5
cob=(5)
cfi=(146)
cfn=(546)
calls=1 0 
0 6023
0 2

fn=(1046)
0 5
cob=(5)
cfi=(146)
cfn=(546)
calls=1 0 
0 4
0 2

fn=(1652)
0 1
cob=(3)
cfi=(148)
cfn=(902)
calls=1 3281 
0 160

ob=(7)
fl=(169)
fn=(654)
0 42
cfn=(844) 0x0000000000003410
calls=1 0 
0 9
0 18
cfn=(678) 0x00000000000078e0
calls=1 0 
0 12
0 2
cfn=(844)
calls=1 0 
0 9
0 7
cfn=(844)
calls=1 0 
0 9
0 6
cfn=(678)
calls=1 0 
0 12
0 10
cfn=(656) 0x0000000000003430
calls=1 0 
0 276
0 17

fn=(848)
0 12

fn=(844)
0 27

fn=(656)
0 188
cfn=(678)
calls=1 0 
0 9
0 3
cfn=(678)
calls=1 0 
0 9
0 12
cfn=(678)
calls=1 0 
0 9
0 24
cfn=(678)
calls=1 0 
0 9
0 3
cfn=(678)
calls=1 0 
0 9
0 1

fn=(678)
0 69

totals: 3065935
